land_surface_water__runoff_depth,land_surface_water__runoff_volume_flux,DIRECT_RUNOFF,GIUH_RUNOFF,NASH_LATERAL_RUNOFF,DEEP_GW_TO_CHANNEL_FLUX,SOIL_CONCEPTUAL_STORAGE
0.006183654654535964,13.205190286631053,0.0,0.0,0.0,0.006183654654535964,0.6910332443200529
0.00611092919582279,13.049885119275768,0.0,0.0,0.0,0.00611092919582279,0.6910332443200529
0.006427356427398044,13.72561525594471,0.0003882484373763694,0.0003882484373763694,0.0,0.006039107990021675,0.6920738649826763
0.0059681786511273545,12.74504142868566,0.0,0.0,0.0,0.0059681786511273545,0.6920738649826763
0.0063209132518629646,13.49830592737104,0.0004227842623335924,0.0004227842623335924,0.0,0.005898128989529372,0.6931504862203429
0.005828947008277985,12.447712350581742,0.0,0.0,0.0,0.005828947008277985,0.6931504862203429
0.006150612380451561,13.134628532916768,0.0003899914810160626,0.0003899914810160626,0.0,0.0057606208994354985,0.6941893638393268
0.007177661883122182,15.327892043615378,0.0014845228426118844,0.0014845228426118844,0.0,0.005693139040510298,0.6959339385967148
0.006018796935035434,12.853136739360648,0.00039230694406359535,0.00039230694406359535,0.0,0.0056264899909718395,0.6969705007526512
0.005560662488844015,11.874790942772496,0.0,0.0,0.0,0.005560662488844015,0.6969705007526512
0.0059220712223612285,12.646579046081975,0.0004264257749860983,0.0004264257749860983,0.0,0.00549564544737513,0.6980419965776651
0.005431427951782486,11.598810677242898,0.0,0.0,0.0,0.005431427951782486,0.6980419965776651
0.005762078204247637,12.304914065297092,0.0003940789481784038,0.0003940789481784038,0.0,0.0053679992560692336,0.6990767867294866
0.005305348779912178,11.329568691921644,0.0,0.0,0.0,0.005305348779912178,0.6990767867294866
0.005243466105618122,11.197418283279534,0.0,0.0,0.0,0.005243466105618122,0.6990767867294866
0.005182340975147404,11.066885608954184,0.0,0.0,0.0,0.005182340975147404,0.6990767867294866
0.0051219632872026915,10.937949097632044,0.0,0.0,0.0,0.0051219632872026915,0.6990767867294866
0.005062323094381327,10.81058750664155,0.0,0.0,0.0,0.005062323094381327,0.6990767867294866
0.005003410600389691,10.68477991600437,0.0,0.0,0.0,0.005003410600389691,0.6990767867294866
0.0049452161573180446,10.56050572261585,0.0,0.0,0.0,0.0049452161573180446,0.6990767867294866
0.004946656101390574,10.563580722198163,5.892583841657324e-05,5.892583841657324e-05,0.0,0.004887730262974,0.6995177281510703
0.004889937495967195,10.442458179098404,5.899393769356865e-05,5.899393769356865e-05,0.0,0.004830943558273626,0.6999586014733766
0.004833909008688799,10.322809382825378,5.90621840004823e-05,5.90621840004823e-05,0.0,0.004774846824688317,0.7003994065493764
0.0047194309817461646,10.078341634564783,0.0,0.0,0.0,0.0047194309817461646,0.7003994065493764
0.004664687084586583,9.961436079612138,0.0,0.0,0.0,0.004664687084586583,0.7003994065493764
0.004610606321566602,9.845946647161185,0.0,0.0,0.0,0.004610606321566602,0.7003994065493764
0.004557180011917828,9.731854799436954,0.0,0.0,0.0,0.004557180011917828,0.7003994065493764
0.004504399603452547,9.619142273248436,0.0,0.0,0.0,0.004504399603452547,0.7003994065493764
0.004452256670318034,9.507791075192893,0.0,0.0,0.0,0.004452256670318034,0.7003994065493764
0.00440074291079755,9.397783476959903,0.0,0.0,0.0,0.00440074291079755,0.7003994065493764
0.004349850145157275,9.289102010733489,0.0,0.0,0.0,0.004349850145157275,0.7003994065493764
0.004299570313537604,9.181729464688976,0.0,0.0,0.0,0.004299570313537604,0.7003994065493764
0.0042498954738882325,9.075648878583372,0.0,0.0,0.0,0.0042498954738882325,0.7003994065493764
0.004200817799945455,8.970843539435881,0.0,0.0,0.0,0.004200817799945455,0.7003994065493764
0.0041523295792510245,8.867296977297189,0.0,0.0,0.0,0.0041523295792510245,0.7003994065493764
0.004104423211211539,8.764992961105285,0.0,0.0,0.0,0.004104423211211539,0.7003994065493764
0.004057091205197083,8.663915494625108,0.0,0.0,0.0,0.004057091205197083,0.7003994065493764
0.004010326178678536,8.564048812470766,0.0,0.0,0.0,0.004010326178678536,0.7003994065493764
0.003964120855402498,8.465377376208098,0.0,0.0,0.0,0.003964120855402498,0.7003994065493764
0.003918468063602832,8.367885870535426,0.0,0.0,0.0,0.003918468063602832,0.7003994065493764
0.003873360734248177,8.27155919954111,0.0,0.0,0.0,0.003873360734248177,0.7003994065493764
0.0038287918993243244,8.176382483035573,0.0,0.0,0.0,0.0038287918993243244,0.7003994065493764
0.0037847546901508934,8.082341052956554,0.0,0.0,0.0,0.0037847546901508934,0.7003994065493764
0.0037412423357312988,7.989420449845482,0.0,0.0,0.0,0.0037412423357312988,0.7003994065493764
0.0036982481611353315,7.897606419393454,0.0,0.0,0.0,0.0036982481611353315,0.7003994065493764
0.0036557655859136952,7.8068849090554995,0.0,0.0,0.0,0.0036557655859136952,0.7003994065493764
0.0036137881225434044,7.717242064730718,0.0,0.0,0.0,0.0036137881225434044,0.7003994065493764
0.0035723093749038927,7.628664227508015,0.0,0.0,0.0,0.0035723093749038927,0.7003994065493764
0.0035313230367824302,7.541137930474416,0.0,0.0,0.0,0.0035313230367824302,0.7003994065493764
0.003490822890408918,7.454649895586126,0.0,0.0,0.0,0.003490822890408918,0.7003994065493764
0.003450802805018727,7.3691870305994716,0.0,0.0,0.0,0.003450802805018727,0.7003994065493764
0.003411256735443469,7.284736426061497,0.0,0.0,0.0,0.003411256735443469,0.7003994065493764
0.003372178720728614,7.201285352357875,0.0,0.0,0.0,0.003372178720728614,0.7003994065493764
0.003333562882777841,7.118821256817931,0.0,0.0,0.0,0.003333562882777841,0.7003994065493764
0.0032954034250228803,7.037331760874093,0.0,0.0,0.0,0.0032954034250228803,0.7003994065493764
0.0038815963263594726,8.28914630086362,0.0006239016952404267,0.0006239016952404267,0.0,0.003257694631119046,0.7016436877541361
0.003220430863665169,6.877227907357875,0.0,0.0,0.0,0.003220430863665169,0.7016436877541361
0.0031836065629478275,6.798589638354945,0.0,0.0,0.0,0.0031836065629478275,0.7016436877541361
0.003147216245709217,6.720878140774104,0.0,0.0,0.0,0.003147216245709217,0.7016436877541361
0.003111254503938077,6.644081865811005,0.0,0.0,0.0,0.003111254503938077,0.7016436877541361
0.0030757160036832378,6.568189422816571,0.0,0.0,0.0,0.0030757160036832378,0.7016436877541361
0.003040595483889197,6.493189576810374,0.0,0.0,0.0,0.003040595483889197,0.7016436877541361
0.0030058877552534783,6.419071246040525,0.0,0.0,0.0,0.0030058877552534783,0.7016436877541361
0.0029715876991048607,6.345823499588128,0.0,0.0,0.0,0.0029715876991048607,0.7016436877541361
0.002937690266302595,6.273435555016571,0.0,0.0,0.0,0.002937690266302595,0.7016436877541361
0.0029041904761556215,6.201896776063497,0.0,0.0,0.0,0.0029041904761556215,0.7016436877541361
0.0028710834153616418,6.13119667037521,0.0,0.0,0.0,0.0028710834153616418,0.7016436877541361
0.0028383642369656627,6.061324887282633,0.0,0.0,0.0,0.0028383642369656627,0.7016436877541361
0.0028060281593372373,5.99227121561722,0.0,0.0,0.0,0.0028060281593372373,0.7016436877541361
0.0027740704651666006,5.924025581567191,0.0,0.0,0.0,0.0027740704651666006,0.7016436877541361
0.002742486500478636,5.856578046571869,0.0,0.0,0.0,0.002742486500478636,0.7016436877541361
0.0027112716736647394,5.789918805254216,0.0,0.0,0.0,0.0027112716736647394,0.7016436877541361
0.002680421454532156,5.724038183390704,0.0,0.0,0.0,0.002680421454532156,0.7016436877541361
0.0026499313733701515,5.6589266359171155,0.0,0.0,0.0,0.0026499313733701515,0.7016436877541361
0.002619797020032966,5.5945747449701955,0.0,0.0,0.0,0.002619797020032966,0.7016436877541361
0.002590014043039002,5.530973217963969,0.0,0.0,0.0,0.002590014043039002,0.7016436877541361
0.0025605781486861324,5.468112885700478,0.0,0.0,0.0,0.0025605781486861324,0.7016436877541361
0.0025314851001823515,5.405984700513293,0.0,0.0,0.0,0.0025314851001823515,0.7016436877541361
0.0061838967484662485,13.205707278053643,0.003681166031674103,0.003681166031674103,0.0,0.0025027307167921455,0.703932542722462
0.005940759647690379,12.686488165593993,0.003466448774692947,0.003466448774692947,0.0,0.0024743108729974317,0.706172159947769
0.002446221497673484,5.223904335655376,0.0,0.0,0.0,0.002446221497673484,0.706172159947769
0.00241845857327907,5.164616629594257,0.0,0.0,0.0,0.00241845857327907,0.706172159947769
0.0023910181350608184,5.106017592541833,0.0,0.0,0.0,0.0023910181350608184,0.706172159947769
0.0023638962702712263,5.0480988688284825,0.0,0.0,0.0,0.0023638962702712263,0.706172159947769
0.006037467893582282,12.893008558571005,0.003700378776181967,0.003700378776181967,0.0,0.0023370891174003153,0.7084418021715874
0.0023132691371398613,4.939984660643218,2.676271719469786e-06,2.676271719469786e-06,0.0,0.0023105928654203914,0.7085391258998679
0.0023273621672543284,4.970080316816423,4.2958414210377536e-05,4.2958414210377536e-05,0.0,0.002284403753043951,0.7089134180856574
0.0023185340048162795,4.951227781966308,6.001593682210417e-05,6.001593682210417e-05,0.0,0.002258518067994175,0.7093512099788354
0.002281422322927379,4.871975810668013,4.849017663952087e-05,4.849017663952087e-05,0.0,0.002232932146287858,0.7097470063621958
0.0022252479905299897,4.752015562243102,1.760561899932919e-05,1.760561899932919e-05,0.0,0.0022076423715306605,0.7099908811431962
0.0021931181735876638,4.683402360131821,1.0472999363445382e-05,1.0472999363445382e-05,0.0,0.0021826451742242184,0.7101804081438328
0.0021579370310850668,4.608273054372955,0.0,0.0,0.0,0.0021579370310850668,0.7101804081438328
0.0021341961757209205,4.557574473975847,6.817113460122143e-07,6.817113460122143e-07,0.0,0.0021335144643749083,0.7102297264324867
0.002109374041242296,4.504566822769105,0.0,0.0,0.0,0.002109374041242296,0.7102297264324867
0.0020855123730753045,4.45361024671413,0.0,0.0,0.0,0.0020855123730753045,0.7102297264324867
0.0020646166781685066,4.4089875045282865,2.6905633035749174e-06,2.6905633035749174e-06,0.0,0.0020619261148649318,0.7103270358691829
0.002041303310096683,4.359201822951635,2.69134551735414e-06,2.69134551735414e-06,0.0,0.002038611964579329,0.7104243445236654
0.002015566662548141,4.304241229709392,0.0,0.0,0.0,0.002015566662548141,0.7104243445236654
0.0019927869908573205,4.255595256389455,0.0,0.0,0.0,0.0019927869908573205,0.7104243445236654
0.0019702697727537856,4.207509752525709,0.0,0.0,0.0,0.0019702697727537856,0.7104243445236654
0.001948011872059885,4.159978020812928,0.0,0.0,0.0,0.001948011872059885,0.7104243445236654
0.0019260101925975715,4.112993449365008,0.0,0.0,0.0,0.0019260101925975715,0.7104243445236654
0.0019042616776219436,4.0665495105053004,0.0,0.0,0.0,0.0019042616776219436,0.7104243445236654
0.0018827633092640017,4.020639759576622,0.0,0.0,0.0,0.0018827633092640017,0.7104243445236654
0.001861512107982577,3.9752578337708426,0.0,0.0,0.0,0.001861512107982577,0.7104243445236654
0.0018405051320251609,3.930397450977493,0.0,0.0,0.0,0.0018405051320251609,0.7104243445236654
0.0018197394768972642,3.8860524086505768,0.0,0.0,0.0,0.0018197394768972642,0.7104243445236654
0.001799212274840656,3.8422165826943515,0.0,0.0,0.0,0.001799212274840656,0.7104243445236654
0.0017789206943197523,3.798883926366516,0.0,0.0,0.0,0.0017789206943197523,0.7104243445236654
0.0017588619395163764,3.756048469199264,0.0,0.0,0.0,0.0017588619395163764,0.7104243445236654
0.0017390332498325334,3.713704315937466,0.0,0.0,0.0,0.0017390332498325334,0.7104243445236654
0.001719431899401247,3.6718456454940562,0.0,0.0,0.0,0.001719431899401247,0.7104243445236654
0.001700055196605077,3.630466709921833,0.0,0.0,0.0,0.001700055196605077,0.7104243445236654
0.0016809004836022545,3.589561833401516,0.0,0.0,0.0,0.0016809004836022545,0.7104243445236654
0.001661965135860477,3.549125411246168,0.0,0.0,0.0,0.001661965135860477,0.7104243445236654
0.0016432465616978975,3.5091519089209755,0.0,0.0,0.0,0.0016432465616978975,0.7104243445236654
0.001624742201831464,3.4696358610787326,0.0,0.0,0.0,0.001624742201831464,0.7104243445236654
0.0016064495289322524,3.4305718706102484,0.0,0.0,0.0,0.0016064495289322524,0.7104243445236654
0.0015883660471878837,3.3919546077098954,0.0,0.0,0.0,0.0015883660471878837,0.7104243445236654
0.0015704892918717351,3.3537788089556555,0.0,0.0,0.0,0.0015704892918717351,0.7104243445236654
0.0015528168289187239,3.3160392764032087,0.0,0.0,0.0,0.0015528168289187239,0.7104243445236654
0.00153534625450793,3.278730876694623,0.0,0.0,0.0,0.00153534625450793,0.7104243445236654
0.0015180751946515247,3.2418485401805155,0.0,0.0,0.0,0.0015180751946515247,0.7104243445236654
0.0015010013047900951,3.205387260055861,0.0,0.0,0.0,0.0015010013047900951,0.7104243445236654
0.0014841222693942058,3.1693420915091344,0.0,0.0,0.0,0.0014841222693942058,0.7104243445236654
0.0014674358015720923,3.133708150884536,0.0,0.0,0.0,0.0014674358015720923,0.7104243445236654
0.0014509396426834354,3.098480614857209,0.0,0.0,0.0,0.0014509396426834354,0.7104243445236654
0.0014346315619588657,3.0636547196206902,0.0,0.0,0.0,0.0014346315619588657,0.7104243445236654
0.0014185093561255302,3.0292257600873076,0.0,0.0,0.0,0.0014185093561255302,0.7104243445236654
0.0014025708490381429,2.9951890891002924,0.0,0.0,0.0,0.0014025708490381429,0.7104243445236654
0.0013868138913157415,2.9615401166580684,0.0,0.0,0.0,0.0013868138913157415,0.7104243445236654
0.0013712363599839518,2.9282743091503107,0.0,0.0,0.0,0.0013712363599839518,0.7104243445236654
0.001355836158122581,2.8953871886053832,0.0,0.0,0.0,0.001355836158122581,0.7104243445236654
0.001340611214518628,2.8628743319493357,0.0,0.0,0.0,0.001340611214518628,0.7104243445236654
0.00132555948332449,2.830731370276013,0.0,0.0,0.0,0.00132555948332449,0.7104243445236654
0.0013106789437211442,2.7989539881277734,0.0,0.0,0.0,0.0013106789437211442,0.7104243445236654
0.0012959675995865894,2.7675379227874477,0.0,0.0,0.0,0.0012959675995865894,0.7104243445236654
0.001281423479169175,2.7364789635807347,0.0,0.0,0.0,0.001281423479169175,0.7104243445236654
0.0012670446347656128,2.705772951188594,0.0,0.0,0.0,0.0012670446347656128,0.7104243445236654
0.0012528291424040773,2.6754157769705085,0.0,0.0,0.0,0.0012528291424040773,0.7104243445236654
0.00124146722971151,2.6511524201843426,2.6921281797904383e-06,2.6921281797904383e-06,0.0,0.0012387751015317196,0.7105216523954858
0.0012275735459982482,2.6214824681146056,2.692911291266251e-06,2.692911291266251e-06,0.0,0.0012248806347069819,0.7106189594841947
0.0012138375821486044,2.5921493267057825,2.6936948521644367e-06,2.6936948521644367e-06,0.0,0.00121114388729644,0.7107162657893427
0.0011975630271759297,2.5573950256895115,0.0,0.0,0.0,0.0011975630271759297,0.7107162657893427
0.0011841362444363623,2.528722140329851,0.0,0.0,0.0,0.0011841362444363623,0.7107162657893427
0.001170861751093466,2.5003744688726526,0.0,0.0,0.0,0.001170861751093466,0.7107162657893427
0.001157737780802215,2.472348239289321,0.0,0.0,0.0,0.001157737780802215,0.7107162657893427
0.0011447625885750103,2.4446397251600316,0.0,0.0,0.0,0.0011447625885750103,0.7107162657893427
0.001131934450504213,2.417245245081201,0.0,0.0,0.0,0.001131934450504213,0.7107162657893427
0.0011192516634886518,2.3901611620814416,0.0,0.0,0.0,0.0011192516634886518,0.7107162657893427
0.0011067125449639949,2.3633838830457736,0.0,0.0,0.0,0.0011067125449639949,0.7107162657893427
0.0010943154326371607,2.3369098581484584,0.0,0.0,0.0,0.0010943154326371607,0.7107162657893427
0.0010820586842244407,2.3107355802937586,0.0,0.0,0.0,0.0010820586842244407,0.7107162657893427
0.0010699406771935039,2.2848575845649917,0.0,0.0,0.0,0.0010699406771935039,0.7107162657893427
0.001057959808508957,2.259272447681171,0.0,0.0,0.0,0.001057959808508957,0.7107162657893427
0.001046114494381678,2.2339767874617085,0.0,0.0,0.0,0.001046114494381678,0.7107162657893427
0.0010344031700217028,2.208967262298706,0.0,0.0,0.0,0.0010344031700217028,0.7107162657893427
0.0010228242893945084,2.184240570636499,0.0,0.0,0.0,0.0010228242893945084,0.7107162657893427
0.0010113763249810727,2.1597934504592566,0.0,0.0,0.0,0.0010113763249810727,0.7107162657893427
0.0010000577675409073,2.135622678784951,0.0,0.0,0.0,0.0010000577675409073,0.7107162657893427
0.0009888671258788673,2.1117250711673683,0.0,0.0,0.0,0.0009888671258788673,0.7107162657893427
0.000977802926614979,2.0880974812045827,0.0,0.0,0.0,0.000977802926614979,0.7107162657893427
0.0009668637139576442,2.0647368000546305,0.0,0.0,0.0,0.0009668637139576442,0.7107162657893427
0.0009560480494799517,2.0416399559578284,0.0,0.0,0.0,0.0009560480494799517,0.7107162657893427
0.0009453545118992768,2.018803913766101,0.0,0.0,0.0,0.0009453545118992768,0.7107162657893427
0.00093478169685981,1.996225674478579,0.0,0.0,0.0,0.00093478169685981,0.7107162657893427
0.0009243282167181511,1.9739022747837291,0.0,0.0,0.0,0.0009243282167181511,0.7107162657893427
0.0009139927003320781,1.9518307866082742,0.0,0.0,0.0,0.0009139927003320781,0.7107162657893427
0.0009037737928520029,1.9300083166718451,0.0,0.0,0.0,0.0009037737928520029,0.7107162657893427
0.000893670155515558,1.9084320060483217,0.0,0.0,0.0,0.000893670155515558,0.7107162657893427
0.0009684808716956279,2.0681902392983487,8.480040625084731e-05,8.480040625084731e-05,0.0,0.0008836804654447806,0.7112288762830917
0.0008765020320311084,1.871769490086141,2.6986165847026e-06,2.6986165847026e-06,0.0,0.0008738034154464058,0.7113261776665072
0.0010467988260201885,2.235438177207829,0.0001827611122055191,0.0001827611122055191,0.0,0.0008640377138146694,0.7120515693543018
0.0009154102415246067,1.9548579448556622,6.10281573876335e-05,6.10281573876335e-05,0.0,0.0008543820841369732,0.7124905411969142
0.0010953343376313642,2.3390857290668943,0.0002504990725291469,0.0002504990725291469,0.0,0.0008448352651022174,0.7133220461243851
0.000996508956916188,2.1280441961223944,0.00016111294660454793,0.00016111294660454793,0.0,0.0008353960103116399,0.7140054627777808
0.0009053693709790777,1.9334156726712222,7.930628288664522e-05,7.930628288664522e-05,0.0,0.0008260630880924325,0.7144997336648942
0.0008195606020166632,1.7501711052245175,2.7253207028639354e-06,2.7253207028639354e-06,0.0,0.0008168352813137992,0.7145970083441912
0.0009879591766542486,2.1097861462190135,0.00018024778944870316,0.00018024778944870316,0.0,0.0008077113872055453,0.7153139066547424
0.0008602627063005736,1.8370904210923718,6.1572489121397e-05,6.1572489121397e-05,0.0,0.0007986902171791766,0.7157523341656211
0.001047054332911296,2.235983811999084,0.00025728373625992236,0.00025728373625992236,0.0,0.0007897705966513736,0.7165887271293613
0.0007809513648699307,1.6677211056970898,0.0,0.0,0.0,0.0007809513648699307,0.7165887271293613
0.0007722313747420273,1.6490995727413251,0.0,0.0,0.0,0.0007722313747420273,0.7165887271293613
0.0007636094926648074,1.630687549460713,0.0,0.0,0.0,0.0007636094926648074,0.7165887271293613
0.000755084598358291,1.6124826434981216,0.0,0.0,0.0,0.000755084598358291,0.7165887271293613
0.0007466555847004619,1.5944824905952428,0.0,0.0,0.0,0.0007466555847004619,0.7165887271293613
0.0007383213575647752,1.5766847542455882,0.0,0.0,0.0,0.0007383213575647752,0.7165887271293613
0.0007300808356594858,1.559087125351375,0.0,0.0,0.0,0.0007300808356594858,0.7165887271293613
0.0007219329503695749,1.5416873218859615,0.0,0.0,0.0,0.0007219329503695749,0.7165887271293613
0.0007138766456004531,1.524483088560074,0.0,0.0,0.0,0.0007138766456004531,0.7165887271293613
0.0007066043167868281,1.5089530353510991,6.934391629004303e-07,6.934391629004303e-07,0.0,0.0007059108776239277,0.7166379699961986
0.000698728159515796,1.4921335068842048,6.935445897162334e-07,6.935445897162334e-07,0.0,0.0006980346149260797,0.7166872127576086
0.0006929903147797254,1.4798803433736298,2.743476722274189e-06,2.743476722274189e-06,0.0,0.0006902468380574512,0.7167844692808863
0.000682546539484874,1.4575776683725017,0.0,0.0,0.0,0.000682546539484874,0.7167844692808863
0.0006749327234454761,1.441318369426384,0.0,0.0,0.0,0.0006749327234454761,0.7167844692808863
0.0006674044058026852,1.42524165224776,0.0,0.0,0.0,0.0006674044058026852,0.7167844692808863
0.0006599606139038539,1.4093454397375667,0.0,0.0,0.0,0.0006599606139038539,0.7167844692808863
0.0006526003864401498,1.3936276790214495,0.0,0.0,0.0,0.0006526003864401498,0.7167844692808863
0.0006453227733079548,1.3780863411537818,0.0,0.0,0.0,0.0006453227733079548,0.7167844692808863
0.0006381268354722636,1.3627194208259517,0.0,0.0,0.0,0.0006381268354722636,0.7167844692808863
0.0006310116448319247,1.3475249360785846,0.0,0.0,0.0,0.0006310116448319247,0.7167844692808863
0.0006239762840864583,1.3325009280171334,0.0,0.0,0.0,0.0006239762840864583,0.7167844692808863
0.0006170198466048272,1.317645460531638,0.0,0.0,0.0,0.0006170198466048272,0.7167844692808863
0.0006101414362958302,1.3029566200199512,0.0,0.0,0.0,0.0006101414362958302,0.7167844692808863
0.0006033401674801598,1.2884325151145168,0.0,0.0,0.0,0.0006033401674801598,0.7167844692808863
0.0005993594543315566,1.2799317049075234,2.7442895673649993e-06,2.7442895673649993e-06,0.0,0.0005966151647641915,0.7168817249913189
0.0005927106658028141,1.2657332215505643,2.7451028874630773e-06,2.7451028874630773e-06,0.0,0.0005899655629153511,0.7169789798884313
0.0005861364234222595,1.2516939314420883,2.7459166829808807e-06,2.7459166829808807e-06,0.0,0.0005833905067392786,0.7170762339717485
0.0005768891509582819,1.2319463874181715,0.0,0.0,0.0,0.0005768891509582819,0.7170762339717485
0.0005732073910460297,1.2240839916429938,2.746730954331287e-06,2.746730954331287e-06,0.0,0.0005704606600916984,0.7171734872407943
0.0005648553878355242,1.206248294497718,7.511794979782961e-07,7.511794979782961e-07,0.0,0.0005641042083375458,0.7172246773852964
0.0005585702778244257,1.1928264463665184,7.512983685437188e-07,7.512983685437188e-07,0.0,0.0005578189794558819,0.7172758674109276
0.0005543525705765444,1.183819535422564,2.7484039229812524e-06,2.7484039229812524e-06,0.0,0.0005516041666535632,0.7173731190070045
0.000545460664850314,1.164830876824121,1.6923798001063802e-09,1.6923798001063802e-09,0.0,0.0005454589724705139,0.717375564917425
0.0005421318488390207,1.1577221925081125,2.749240171516081e-06,2.749240171516081e-06,0.0,0.0005393826086675047,0.7174728156772535
0.0005333742961153743,1.1390204446548224,0.0,0.0,0.0,0.0005333742961153743,0.7174728156772535
0.0005274332646855618,1.1263333760986924,0.0,0.0,0.0,0.0005274332646855618,0.7174728156772535
0.0005215587531421706,1.1137883607145316,0.0,0.0,0.0,0.0005215587531421706,0.7174728156772535
0.0005157500090354095,1.1013837916463254,0.0,0.0,0.0,0.0005157500090354095,0.7174728156772535
0.0005100062885962765,1.0891180805758782,0.0,0.0,0.0,0.0005100062885962765,0.7174728156772535
0.0005043268566327086,1.0769896575010425,0.0,0.0,0.0,0.0005043268566327086,0.7174728156772535
0.0004987109864270645,1.0649969705167923,0.0,0.0,0.0,0.0004987109864270645,0.7174728156772535
0.000493157959634738,1.053138485598712,0.0,0.0,0.0,0.000493157959634738,0.7174728156772535
0.00048766706618432745,1.041412686389809,0.0,0.0,0.0,0.00048766706618432745,0.7174728156772535
0.0004822376041788479,1.0298180739895517,0.0,0.0,0.0,0.0004822376041788479,0.7174728156772535
0.0004768688797983423,1.0183531667458967,0.0,0.0,0.0,0.0004768688797983423,0.7174728156772535
0.00047156020720360295,1.0070165000496842,0.0,0.0,0.0,0.00047156020720360295,0.7174728156772535
0.0004663109084412476,0.9958066261319304,0.0,0.0,0.0,0.0004663109084412476,0.7174728156772535
0.00046112031334981656,0.9847221138632964,0.0,0.0,0.0,0.00046112031334981656,0.7174728156772535
0.00045598775946733563,0.9737615485566891,0.0,0.0,0.0,0.00045598775946733563,0.7174728156772535
0.0004509125919397006,0.9629235317716166,0.0,0.0,0.0,0.0004509125919397006,0.7174728156772535
0.0004458941634304603,0.9522066811215305,0.0,0.0,0.0,0.0004458941634304603,0.7174728156772535
0.0004409318340317103,0.9416096300835382,0.0,0.0,0.0,0.0004409318340317103,0.7174728156772535
0.00043602497117594123,0.9311310278101556,0.0,0.0,0.0,0.00043602497117594123,0.7174728156772535
0.00043117294954921894,0.9207695389439043,0.0,0.0,0.0,0.00043117294954921894,0.7174728156772535
0.0004263751510052982,0.9105238434339004,0.0,0.0,0.0,0.0004263751510052982,0.7174728156772535
0.00042163096448082364,0.900392636354766,0.0,0.0,0.0,0.00042163096448082364,0.7174728156772535
0.00041693978591164085,0.8903746277279123,0.0,0.0,0.0,0.00041693978591164085,0.7174728156772535
0.0004123010181501963,0.8804685423451474,0.0,0.0,0.0,0.0004123010181501963,0.7174728156772535
0.0004077140708838245,0.8706731195941777,0.0,0.0,0.0,0.0004077140708838245,0.7174728156772535
0.0004059284169417065,0.8668598568217419,2.7500563875381383e-06,2.7500563875381383e-06,0.0,0.00040317836055416836,0.717570065620866
0.0004014441833590505,0.8572837790721157,2.7508730814968554e-06,2.7508730814968554e-06,0.0,0.00039869331027755364,0.7176673147477843
0.0004325475946518582,0.9237050926206644,3.828924488549502e-05,3.828924488549502e-05,0.0,0.0003942583497663632,0.7180165255028989
0.0004474314419368026,0.9554895383206963,5.7558526685347984e-05,5.7558526685347984e-05,0.0,0.00038987291525145463,0.7184394368762135
0.000385536449405377,0.8233128240911048,0.0,0.0,0.0,0.000385536449405377,0.7184394368762135
0.0003812484012667206,0.8141557002229961,0.0,0.0,0.0,0.0003812484012667206,0.7184394368762135
0.0003770082261652208,0.805100809193002,0.0,0.0,0.0,0.0003770082261652208,0.7184394368762135
0.00037281538564803984,0.7961470011354552,0.0,0.0,0.0,0.00037281538564803984,0.7184394368762135
0.0004070424618335383,0.8692388989265103,3.837311442689116e-05,3.837311442689116e-05,0.0,0.00036866934740664714,0.7187885637617869
0.0004222513691863985,0.9017175101793137,5.768178398149937e-05,5.768178398149937e-05,0.0,0.00036456958520489916,0.7192113518778055
0.0003605155788077186,0.7698807720380547,0.0,0.0,0.0,0.0003605155788077186,0.7192113518778055
0.00035650681391095066,0.7613200573420364,0.0,0.0,0.0,0.00035650681391095066,0.7192113518778055
0.0003525427820717964,0.7528548700599655,0.0,0.0,0.0,0.0003525427820717964,0.7192113518778055
0.00034862298064037845,0.7444841367833728,0.0,0.0,0.0,0.00034862298064037845,0.7192113518778055
0.0003447469126918179,0.7362067963295186,0.0,0.0,0.0,0.0003447469126918179,0.7192113518778055
0.00034091408695953175,0.7280217995989512,0.0,0.0,0.0,0.00034091408695953175,0.7192113518778055
0.00033712401776895277,0.7199281094339643,0.0,0.0,0.0,0.00033712401776895277,0.7192113518778055
0.0003333762249724259,0.7119247004795689,0.0,0.0,0.0,0.0003333762249724259,0.7192113518778055
0.0003324349638454721,0.709914637986555,2.7647299609228867e-06,2.7647299609228867e-06,0.0,0.0003296702338845492,0.7193085871478444
0.00032883809826934966,0.7022335340081352,2.8325230507254964e-06,2.8325230507254964e-06,0.0,0.0003260055752186242,0.7194069752097935
0.0003223817850237065,0.6884460814866277,0.0,0.0,0.0,0.0003223817850237065,0.7194069752097935
0.00031879840462234466,0.6807937750896884,0.0,0.0,0.0,0.00031879840462234466,0.7194069752097935
0.0003152549805493621,0.6732267954046829,0.0,0.0,0.0,0.0003152549805493621,0.7194069752097935
0.00032124698097561716,0.6860227082178655,9.495916484555662e-06,9.495916484555662e-06,0.0,0.0003117510644910615,0.7195849810833088
0.0003110541171531076,0.6642558544943602,2.767903927723724e-06,2.767903927723724e-06,0.0,0.00030828621322538386,0.719682213179381
0.0003076287196690013,0.6569409205091983,2.7687311062900218e-06,2.7687311062900218e-06,0.0,0.0003048599885627113,0.7197794444482745
0.00032508976794483563,0.6942289771630907,2.3617810657433082e-05,2.3617810657433082e-05,0.0,0.00030147195728740255,0.720055826637617
0.000308910296764394,0.6596777275201191,1.0788605664376717e-05,1.0788605664376717e-05,0.0,0.0002981216911000173,0.7202450380319527
0.000294808766560295,0.6295639194113162,0.0,0.0,0.0,0.000294808766560295,0.7202450380319527
0.0002915327650307331,0.6225680203849329,0.0,0.0,0.0,0.0002915327650307331,0.7202450380319527
0.00028829327262092086,0.6156500865588113,0.0,0.0,0.0,0.00028829327262092086,0.7202450380319527
0.00028508988013258295,0.6088092440903148,0.0,0.0,0.0,0.00028508988013258295,0.7202450380319527
0.0003055720704616891,0.6525489475332357,2.364988745657691e-05,2.364988745657691e-05,0.0,0.0002819221830051122,0.7205213881444963
0.0002895934464537766,0.6184266068898691,1.0803665191764475e-05,1.0803665191764475e-05,0.0,0.00027878978126201216,0.7207105844793044
0.00027569227945767327,0.5887406742747405,0.0,0.0,0.0,0.00027569227945767327,0.7207105844793044
0.00027262928662514786,0.5821996551752321,0.0,0.0,0.0,0.00027262928662514786,0.7207105844793044
0.00026960041622423606,0.5757315045051027,0.0,0.0,0.0,0.00026960041622423606,0.7207105844793044
0.00026660528609034895,0.5693354061521345,0.0,0.0,0.0,0.00026660528609034895,0.7207105844793044
0.0002636435183840602,0.5630105532404905,0.0,0.0,0.0,0.0002636435183840602,0.7207105844793044
0.0002607147395410126,0.5567561480237417,0.0,0.0,0.0,0.0002607147395410126,0.7207105844793044
0.0002578185802226907,0.5505714017797407,0.0,0.0,0.0,0.0002578185802226907,0.7207105844793044
0.0002549546752676379,0.5444555347064468,0.0,0.0,0.0,0.0002549546752676379,0.7207105844793044
0.00025212266364325057,0.5384077758189816,0.0,0.0,0.0,0.00025212266364325057,0.7207105844793044
0.00024932218839825995,0.5324273628481546,0.0,0.0,0.0,0.00024932218839825995,0.7207105844793044
0.0002465528966156372,0.5265135421398923,0.0,0.0,0.0,0.0002465528966156372,0.7207105844793044
0.00024381443936620785,0.5206655685561813,0.0,0.0,0.0,0.00024381443936620785,0.7207105844793044
0.00024110647166266654,0.5148827053768665,0.0,0.0,0.0,0.00024110647166266654,0.7207105844793044
0.0002384286524142798,0.5091642242029201,0.0,0.0,0.0,0.0002384286524142798,0.7207105844793044
0.00023578064438198876,0.5035094048605623,0.0,0.0,0.0,0.00023578064438198876,0.7207105844793044
0.00023316211413422218,0.49791753530690075,0.0,0.0,0.0,0.00023316211413422218,0.7207105844793044
0.00023057273200306484,0.49238791153632805,0.0,0.0,0.0,0.00023057273200306484,0.7207105844793044
0.00022801217204102553,0.4869198374881994,0.0,0.0,0.0,0.00022801217204102553,0.7207105844793044
0.00022548011197833786,0.4815126249556491,0.0,0.0,0.0,0.00022548011197833786,0.7207105844793044
0.00022297623318072725,0.4761655934954018,0.0,0.0,0.0,0.00022297623318072725,0.7207105844793044
0.00022050022060766673,0.4708780703386273,0.0,0.0,0.0,0.00022050022060766673,0.7207105844793044
0.00021805176277118755,0.4656493903029814,0.0,0.0,0.0,0.00021805176277118755,0.7207105844793044
0.00021563055169515621,0.4604788957056417,0.0,0.0,0.0,0.00021563055169515621,0.7207105844793044
0.00021323628287495122,0.45536593627719724,0.0,0.0,0.0,0.00021323628287495122,0.7207105844793044
0.00021086865523771704,0.45030986907677073,0.0,0.0,0.0,0.00021086865523771704,0.7207105844793044
0.0002085273711030844,0.44531005840813714,0.0,0.0,0.0,0.0002085273711030844,0.7207105844793044
0.00020621213614431256,0.440365875736743,0.0,0.0,0.0,0.00020621213614431256,0.7207105844793044
0.00020392265934987552,0.43547669960767343,0.0,0.0,0.0,0.00020392265934987552,0.7207105844793044
0.00020165865298558128,0.43064191556475817,0.0,0.0,0.0,0.00020165865298558128,0.7207105844793044
0.0001994198325569796,0.42586091607029325,0.0,0.0,0.0,0.0001994198325569796,0.7207105844793044
0.00019720591677243606,0.42113310042618574,0.0,0.0,0.0,0.00019720591677243606,0.7207105844793044
0.00019501662750649463,0.41645787469571444,0.0,0.0,0.0,0.00019501662750649463,0.7207105844793044
0.0001928516897636401,0.4118346516261446,0.0,0.0,0.0,0.0001928516897636401,0.7207105844793044
0.0001907108316425932,0.4072628505724802,0.0,0.0,0.0,0.0001907108316425932,0.7207105844793044
0.0001885937843009611,0.40274189742197536,0.0,0.0,0.0,0.0001885937843009611,0.7207105844793044
0.0001865002819203765,0.39827122451968844,0.0,0.0,0.0,0.0001865002819203765,0.7207105844793044
0.00018443006167183641,0.3938502705944631,0.0,0.0,0.0,0.00018443006167183641,0.7207105844793044
0.00018238286368181812,0.38947848068656943,0.0,0.0,0.0,0.00018238286368181812,0.7207105844793044
0.00018035843099837301,0.3851553060752968,0.0,0.0,0.0,0.00018035843099837301,0.7207105844793044
0.00017835650955793094,0.38088020420806484,0.0,0.0,0.0,0.00017835650955793094,0.7207105844793044
0.00017637684815234868,0.37665263863005555,0.0,0.0,0.0,0.00017637684815234868,0.7207105844793044
0.00017441919839640275,0.37247207891479395,0.0,0.0,0.0,0.00017441919839640275,0.7207105844793044
0.00017248331469552625,0.36833800059525035,0.0,0.0,0.0,0.00017248331469552625,0.7207105844793044
0.00017056895421423414,0.3642498850964126,0.0,0.0,0.0,0.00017056895421423414,0.7207105844793044
0.00016867587684450404,0.3602072196677629,0.0,0.0,0.0,0.00016867587684450404,0.7207105844793044
0.00016680384517486768,0.3562094973172733,0.0,0.0,0.0,0.00016680384517486768,0.7207105844793044
0.00016495262445967996,0.352256216745779,0.0,0.0,0.0,0.00016495262445967996,0.7207105844793044
0.00016312198258880973,0.3483468822822538,0.0,0.0,0.0,0.00016312198258880973,0.7207105844793044
0.0001613116900576861,0.34448100381984337,0.0,0.0,0.0,0.0001613116900576861,0.7207105844793044
0.0001595215199376776,0.34065809675261044,0.0,0.0,0.0,0.0001595215199376776,0.7207105844793044
0.00015775124784680463,0.336877681912991,0.0,0.0,0.0,0.00015775124784680463,0.7207105844793044
0.0001560006519207402,0.3331392855098664,0.0,0.0,0.0,0.0001560006519207402,0.7207105844793044
0.0001542695127844107,0.329442439067917,0.0,0.0,0.0,0.0001542695127844107,0.7207105844793044
0.0001525576135235296,0.3257866793668322,0.0,0.0,0.0,0.0001525576135235296,0.7207105844793044
0.00015086473965673087,0.3221715483818015,0.0,0.0,0.0,0.00015086473965673087,0.7207105844793044
0.00014919067910799111,0.31859659322462197,0.0,0.0,0.0,0.00014919067910799111,0.7207105844793044
0.00014753522217931804,0.31506136608537444,0.0,0.0,0.0,0.00014753522217931804,0.7207105844793044
0.0001458981615237498,0.31156542417476374,0.0,0.0,0.0,0.0001458981615237498,0.7207105844793044
0.0001470568022079904,0.3140397005637283,2.7775100892362618e-06,2.7775100892362618e-06,0.0,0.00014427929211875413,0.7208078069692151
0.00014545675417765611,0.310622799088997,2.7783429378511643e-06,2.7783429378511643e-06,0.0,0.00014267841123980496,0.720905028626277
0.0001438744947132782,0.3072438850847023,2.779176278941566e-06,2.779176278941566e-06,0.0,0.00014109531843433664,0.7210022494499981
0.00013952981549611999,0.29796582558717516,0.0,0.0,0.0,0.00013952981549611999,0.7210022494499981
0.00013798170643963825,0.2946598397555922,0.0,0.0,0.0,0.00013798170643963825,0.7210022494499981
0.00013645079747506283,0.2913905847085144,0.0,0.0,0.0,0.00013645079747506283,0.7210022494499981
0.0001349368969833398,0.28815765124358317,0.0,0.0,0.0,0.0001349368969833398,0.7210022494499981
0.00013343981549160944,0.28496063474163613,0.0,0.0,0.0,0.00013343981549160944,0.7210022494499981
0.00013195936564898149,0.2817991351149753,0.0,0.0,0.0,0.00013195936564898149,0.7210022494499981
0.00013049536220239856,0.2786727567558232,0.0,0.0,0.0,0.00013049536220239856,0.7210022494499981
0.000129047621973033,0.2755811084859187,0.0,0.0,0.0,0.000129047621973033,0.7210022494499981
0.0001276159638327501,0.272523803506254,0.0,0.0,0.0,0.0001276159638327501,0.7210022494499981
0.00012620020868090443,0.26950045934752304,0.0,0.0,0.0,0.00012620020868090443,0.7210022494499981
0.00012480017942153587,0.26651069782142434,0.0,0.0,0.0,0.00012480017942153587,0.7210022494499981
0.00012341570094054344,0.2635541449719148,0.0,0.0,0.0,0.00012341570094054344,0.7210022494499981
0.00012204660008343638,0.26063043102769795,0.0,0.0,0.0,0.00012204660008343638,0.7210022494499981
0.00012069270563310753,0.2577391903547584,0.0,0.0,0.0,0.00012069270563310753,0.7210022494499981
0.00011935384828796192,0.2548800614096559,0.0,0.0,0.0,0.00011935384828796192,0.7210022494499981
0.00011802986064033406,0.25205268669343533,0.0,0.0,0.0,0.00011802986064033406,0.7210022494499981
0.00011672057715501617,0.24925671270577351,0.0,0.0,0.0,0.00011672057715501617,0.7210022494499981
0.0001154258341482084,0.24649178990002793,0.0,0.0,0.0,0.0001154258341482084,0.7210022494499981
0.00011414546976660223,0.24375757263856884,0.0,0.0,0.0,0.00011414546976660223,0.7210022494499981
0.00011287932396666368,0.24105371914853885,0.0,0.0,0.0,0.00011287932396666368,0.7210022494499981
0.00011162723849429402,0.23837989147841837,0.0,0.0,0.0,0.00011162723849429402,0.7210022494499981
0.00011038905686460155,0.2357357554548281,0.0,0.0,0.0,0.00011038905686460155,0.7210022494499981
0.00010916462434198416,0.23312098063999562,0.0,0.0,0.0,0.00010916462434198416,0.7210022494499981
0.00010795378792036737,0.23053524028955344,0.0,0.0,0.0,0.00010795378792036737,0.7210022494499981
0.00010675639630368661,0.22797821131085919,0.0,0.0,0.0,0.00010675639630368661,0.7210022494499981
0.000105572299886747,0.2254495742221214,0.0,0.0,0.0,0.000105572299886747,0.7210022494499981
0.00010440135073597201,0.22294901311128862,0.0,0.0,0.0,0.00010440135073597201,0.7210022494499981
0.00010324340257072961,0.22047621559617114,0.0,0.0,0.0,0.00010324340257072961,0.7210022494499981
0.00010209831074465826,0.21803087278456282,0.0,0.0,0.0,0.00010209831074465826,0.7210022494499981
0.00010096593222721496,0.2156126792348368,0.0,0.0,0.0,0.00010096593222721496,0.7210022494499981
9.98461255855565e-05,0.2132213329172532,0.0,0.0,0.0,9.98461255855565e-05,0.7210022494499981
9.873875096653162e-05,0.21085653517550312,0.0,0.0,0.0,9.873875096653162e-05,0.7210022494499981
0.00010042368019179087,0.21445470038395847,2.7800101129400913e-06,2.7800101129400913e-06,0.0,9.764367007885078e-05,0.721099469439885
9.656074617554468e-05,0.2062054074335812,0.0,0.0,0.0,9.656074617554468e-05,0.721099469439885
9.548984403660033e-05,0.20391849664810469,0.0,0.0,0.0,9.548984403660033e-05,0.721099469439885
9.443082995177488e-05,0.20165697279407052,0.0,0.0,0.0,9.443082995177488e-05,0.721099469439885
9.338357170358692e-05,0.19942055352113755,0.0,0.0,0.0,9.338357170358692e-05,0.721099469439885
9.234793855052993e-05,0.19720895963090798,0.0,0.0,0.0,9.234793855052993e-05,0.721099469439885
0.00016009456775615763,0.3418818399771479,6.877076654562765e-05,6.877076654562765e-05,0.0,9.132380121052998e-05,0.7215566194233395
0.00038142273076594404,0.8145279807493885,0.00029111169892149624,0.00029111169892149624,0.0,9.031103184444778e-05,0.722429613724418
0.00011124143096246592,0.23755599975799888,2.1931926922529824e-05,2.1931926922529824e-05,0.0,8.93095040399361e-05,0.7226951818174954
9.209060084927538e-05,0.19665941514583596,3.7715080539339264e-06,3.7715080539339264e-06,0.0,8.831909279534146e-05,0.7228078475954416
9.013526214053429e-05,0.19248379067030008,2.7955876365952977e-06,2.7955876365952977e-06,0.0,8.733967450393899e-05,0.7229050520078051
0.00010247443227565804,0.21883408005683627,1.6103305337512955e-05,1.6103305337512955e-05,0.0,8.637112693814508e-05,0.7231337274124677
8.54133292340853e-05,0.18240010617724314,0.0,0.0,0.0,8.54133292340853e-05,0.7231337274124677
8.726457960748196e-05,0.1863534500838223,2.7984177311865516e-06,2.7984177311865516e-06,0.0,8.446616187629541e-05,0.7232309289947365
8.632876966806629e-05,0.18435502859806877,2.799262985532614e-06,2.799262985532614e-06,0.0,8.352950668253368e-05,0.7233281297317511
8.260324678881492e-05,0.17639917703678787,0.0,0.0,0.0,8.260324678881492e-05,0.7233281297317511
8.168726663466687e-05,0.17444310204391447,0.0,0.0,0.0,8.168726663466687e-05,0.7233281297317511
8.078145194838627e-05,0.17250873540072134,0.0,0.0,0.0,8.078145194838627e-05,0.7233281297317511
7.988568973269495e-05,0.17059583580159818,0.0,0.0,0.0,7.988568973269495e-05,0.7233281297317511
7.899986825037342e-05,0.16870416463178908,0.0,0.0,0.0,7.899986825037342e-05,0.7233281297317511
7.81238770100723e-05,0.16683348593709307,0.0,0.0,0.0,7.81238770100723e-05,0.7233281297317511
7.725760675245664e-05,0.16498356639427506,0.0,0.0,0.0,7.725760675245664e-05,0.7233281297317511
7.640094943626164e-05,0.1631541752812879,0.0,0.0,0.0,7.640094943626164e-05,0.7233281297317511
7.555379822474784e-05,0.1613450844483476,0.0,0.0,0.0,7.555379822474784e-05,0.7233281297317511
7.471604747206763e-05,0.15955606828881874,0.0,0.0,0.0,7.471604747206763e-05,0.7233281297317511
7.388759271000912e-05,0.15778690371090634,0.0,0.0,0.0,7.388759271000912e-05,0.7233281297317511
7.306833063476237e-05,0.15603737010939486,0.0,0.0,0.0,7.306833063476237e-05,0.7233281297317511
7.225815909379651e-05,0.1543072493376245,0.0,0.0,0.0,7.225815909379651e-05,0.7233281297317511
7.145697707311438e-05,0.15259632568027334,0.0,0.0,0.0,7.145697707311438e-05,0.7233281297317511
7.066468468430731e-05,0.150904385825713,0.0,0.0,0.0,7.066468468430731e-05,0.7233281297317511
6.988118315207626e-05,0.1492312188393599,0.0,0.0,0.0,6.988118315207626e-05,0.7233281297317511
6.910637480168624e-05,0.1475766161368844,0.0,0.0,0.0,6.910637480168624e-05,0.7233281297317511
6.834016304670954e-05,0.14594037145803593,0.0,0.0,0.0,6.834016304670954e-05,0.7233281297317511
6.758245237670213e-05,0.14432228084032672,0.0,0.0,0.0,6.758245237670213e-05,0.7233281297317511
6.683314834530219e-05,0.14272214259361565,0.0,0.0,0.0,6.683314834530219e-05,0.7233281297317511
6.60921575582174e-05,0.1411397572744553,0.0,0.0,0.0,6.60921575582174e-05,0.7233281297317511
6.535938766150107e-05,0.1395749276610557,0.0,0.0,0.0,6.535938766150107e-05,0.7233281297317511
6.46347473298059e-05,0.13802745872820013,0.0,0.0,0.0,6.46347473298059e-05,0.7233281297317511
6.391814625501535e-05,0.13649715762296744,0.0,0.0,0.0,6.391814625501535e-05,0.7233281297317511
6.320949513474173e-05,0.13498383364016983,0.0,0.0,0.0,6.320949513474173e-05,0.7233281297317511
6.814740704872374e-05,0.14552874115613593,5.63870138765526e-06,5.63870138765526e-06,0.0,6.250870566106848e-05,0.7234652443503636
7.271556276477048e-05,0.1552840345642354,1.0899872255255849e-05,1.0899872255255849e-05,0.0,6.181569050951463e-05,0.7236543444781085
6.113036332795474e-05,0.13054384908840164,0.0,0.0,0.0,6.113036332795474e-05,0.7236543444781085
6.045263872569429e-05,0.12909656866367483,0.0,0.0,0.0,6.045263872569429e-05,0.7236543444781085
5.9782432262878166e-05,0.1276653432205908,0.0,0.0,0.0,5.9782432262878166e-05,0.7236543444781085
5.9119660439632685e-05,0.1262499944452264,0.0,0.0,0.0,5.9119660439632685e-05,0.7236543444781085
5.846424068576273e-05,0.12485034600898635,0.0,0.0,0.0,5.846424068576273e-05,0.7236543444781085
5.7816091350204606e-05,0.12346622354608003,0.0,0.0,0.0,5.7816091350204606e-05,0.7236543444781085
5.717513169081201e-05,0.12209745463170918,0.0,0.0,0.0,5.717513169081201e-05,0.7236543444781085
5.654128186418639e-05,0.12074386876035077,0.0,0.0,0.0,5.654128186418639e-05,0.7236543444781085
5.59144629155961e-05,0.11940529732422941,0.0,0.0,0.0,5.59144629155961e-05,0.7236543444781085
5.529459676907323e-05,0.11808157359216899,0.0,0.0,0.0,5.529459676907323e-05,0.7236543444781085
5.468160621759921e-05,0.11677253268863412,0.0,0.0,0.0,5.468160621759921e-05,0.7236543444781085
5.407541491337931e-05,0.11547801157296138,0.0,0.0,0.0,5.407541491337931e-05,0.7236543444781085
5.3475947358205825e-05,0.11419784901877983,0.0,0.0,0.0,5.3475947358205825e-05,0.7236543444781085
5.2883128893999046e-05,0.11293188559381132,0.0,0.0,0.0,5.2883128893999046e-05,0.7236543444781085
5.2296885693436936e-05,0.11167996363986007,0.0,0.0,0.0,5.2296885693436936e-05,0.7236543444781085
5.171714475060707e-05,0.11044192725285008,0.0,0.0,0.0,5.171714475060707e-05,0.7236543444781085
5.11438338718806e-05,0.10921762226333627,0.0,0.0,0.0,5.11438338718806e-05,0.7236543444781085
5.057688166685282e-05,0.1080068962171582,0.0,0.0,0.0,5.057688166685282e-05,0.7236543444781085
5.001621753932817e-05,0.10680959835618854,0.0,0.0,0.0,5.001621753932817e-05,0.7236543444781085
4.946177167843846e-05,0.10562557959936601,0.0,0.0,0.0,4.946177167843846e-05,0.7236543444781085
4.891347504993871e-05,0.10445469252410763,0.0,0.0,0.0,4.891347504993871e-05,0.7236543444781085
4.8371259387480775e-05,0.10329679134767364,0.0,0.0,0.0,4.8371259387480775e-05,0.7236543444781085
4.7835057184042466e-05,0.10215173190886429,0.0,0.0,0.0,4.7835057184042466e-05,0.7236543444781085
4.730480168346762e-05,0.10101937164995377,0.0,0.0,0.0,4.730480168346762e-05,0.7236543444781085
4.678042687207285e-05,0.0998995695987663,0.0,0.0,0.0,4.678042687207285e-05,0.7236543444781085
4.62618674703208e-05,0.09879218635089455,0.0,0.0,0.0,4.62618674703208e-05,0.7236543444781085
4.5749058924737795e-05,0.0976970840524396,0.0,0.0,0.0,4.5749058924737795e-05,0.7236543444781085
4.524193739967597e-05,0.09661412638241905,0.0,0.0,0.0,4.524193739967597e-05,0.7236543444781085
4.4740439769386246e-05,0.09554317853583894,0.0,0.0,0.0,4.4740439769386246e-05,0.7236543444781085
4.4244503610046953e-05,0.09448410720667076,0.0,0.0,0.0,4.4244503610046953e-05,0.7236543444781085
4.375406719199227e-05,0.09343678057125536,0.0,0.0,0.0,4.375406719199227e-05,0.7236543444781085
4.326906947189624e-05,0.09240106827161194,0.0,0.0,0.0,4.326906947189624e-05,0.7236543444781085
4.2789450085134466e-05,0.09137684139912632,0.0,0.0,0.0,4.2789450085134466e-05,0.7236543444781085
4.231514933827896e-05,0.09036397247852386,0.0,0.0,0.0,4.231514933827896e-05,0.7236543444781085
4.1846108201504253e-05,0.08936233545165266,0.0,0.0,0.0,4.1846108201504253e-05,0.7236543444781085
4.1382268301237704e-05,0.0883718056617882,0.0,0.0,0.0,4.1382268301237704e-05,0.7236543444781085
4.092357191287643e-05,0.08739225983808058,0.0,0.0,0.0,4.092357191287643e-05,0.7236543444781085
4.0469961953504274e-05,0.08642357608000129,0.0,0.0,0.0,4.0469961953504274e-05,0.7236543444781085
4.002138197467531e-05,0.08546563384193269,0.0,0.0,0.0,4.002138197467531e-05,0.7236543444781085
3.957777615550828e-05,0.08451831391842106,0.0,0.0,0.0,3.957777615550828e-05,0.7236543444781085
3.913908929549237e-05,0.08358149842881325,0.0,0.0,0.0,3.913908929549237e-05,0.7236543444781085
3.8705266807737006e-05,0.08265507080284175,0.0,0.0,0.0,3.8705266807737006e-05,0.7236543444781085
3.8276254711977487e-05,0.08173891576568826,0.0,0.0,0.0,3.8276254711977487e-05,0.7236543444781085
3.785199962798025e-05,0.08083291932390047,0.0,0.0,0.0,3.785199962798025e-05,0.7236543444781085
3.743244876870389e-05,0.07993696875078753,0.0,0.0,0.0,3.743244876870389e-05,0.7236543444781085
3.701754993374884e-05,0.0790509525724319,0.0,0.0,0.0,3.701754993374884e-05,0.7236543444781085
3.660725150282929e-05,0.07817476055374849,0.0,0.0,0.0,3.660725150282929e-05,0.7236543444781085
3.620150242933384e-05,0.07730828368473362,0.0,0.0,0.0,3.620150242933384e-05,0.7236543444781085
3.580025223381966e-05,0.07645141416657159,0.0,0.0,0.0,3.580025223381966e-05,0.7236543444781085
3.540345099779519e-05,0.0756040453983578,0.0,0.0,0.0,3.540345099779519e-05,0.7236543444781085
3.501104935745847e-05,0.07476607196372693,0.0,0.0,0.0,3.501104935745847e-05,0.7236543444781085
3.462299849750217e-05,0.07393738961762363,0.0,0.0,0.0,3.462299849750217e-05,0.7236543444781085
3.423925014494067e-05,0.07311789527311999,0.0,0.0,0.0,3.423925014494067e-05,0.7236543444781085
3.3859756563181524e-05,0.07230748698875554,0.0,0.0,0.0,3.3859756563181524e-05,0.7236543444781085
3.3484470545963596e-05,0.07150606395559189,0.0,0.0,0.0,3.3484470545963596e-05,0.7236543444781085
3.3113345411495135e-05,0.07071352648469471,0.0,0.0,0.0,3.3113345411495135e-05,0.7236543444781085
3.274633499659174e-05,0.06992977599461524,0.0,0.0,0.0,3.274633499659174e-05,0.7236543444781085
3.2383393650881055e-05,0.06915471499901453,0.0,0.0,0.0,3.2383393650881055e-05,0.7236543444781085
3.202447623114058e-05,0.06838824709457182,0.0,0.0,0.0,3.202447623114058e-05,0.7236543444781085
3.166953809559115e-05,0.06763027694879821,0.0,0.0,0.0,3.166953809559115e-05,0.7236543444781085
3.131853509839022e-05,0.06688071028827715,0.0,0.0,0.0,3.131853509839022e-05,0.7236543444781085
3.0971423583991964e-05,0.06613945388662033,0.0,0.0,0.0,3.0971423583991964e-05,0.7236543444781085
3.062816038181815e-05,0.06540641555308753,0.0,0.0,0.0,3.062816038181815e-05,0.7236543444781085
3.028870280077367e-05,0.06468150412087427,0.0,0.0,0.0,3.028870280077367e-05,0.7236543444781085
2.9953008623939683e-05,0.06396462943577925,0.0,0.0,0.0,2.9953008623939683e-05,0.7236543444781085
2.9621036103244516e-05,0.06325570234482399,0.0,0.0,0.0,2.9621036103244516e-05,0.7236543444781085
2.929274395435666e-05,0.06255463468534672,0.0,0.0,0.0,2.929274395435666e-05,0.7236543444781085
0.00011282640533387103,0.24094071144439375,8.385831398249313e-05,8.385831398249313e-05,0.0,2.8968091351377903e-05,0.7241532950641257
0.00010988188295327622,0.23465268591397767,8.123484503138451e-05,8.123484503138451e-05,0.0,2.8647037921891717e-05,0.7246445567190944
0.00010967433925969984,0.2342094764982552,8.134479551797681e-05,8.134479551797681e-05,0.0,2.832954374172303e-05,0.7251357084235764
2.801556933018645e-05,0.05982722914871109,0.0,0.0,0.0,2.801556933018645e-05,0.7251357084235764
2.7705075644957058e-05,0.05916417009620662,0.0,0.0,0.0,2.7705075644957058e-05,0.7251357084235764
2.739802407727421e-05,0.05850846168336922,0.0,0.0,0.0,2.739802407727421e-05,0.7251357084235764
2.7094376447078796e-05,0.05786002237670876,0.0,0.0,0.0,2.7094376447078796e-05,0.7251357084235764
2.6794094998305874e-05,0.057218771548174376,0.0,0.0,0.0,2.6794094998305874e-05,0.7251357084235764
2.6497142394110718e-05,0.05658462946495968,0.0,0.0,0.0,2.6497142394110718e-05,0.7251357084235764
2.620348171220588e-05,0.05595751727954508,0.0,0.0,0.0,2.620348171220588e-05,0.7251357084235764
2.5913076440287064e-05,0.05533735701992971,0.0,0.0,0.0,2.5913076440287064e-05,0.7251357084235764
2.562589047143682e-05,0.05472407157981606,0.0,0.0,0.0,2.562589047143682e-05,0.7251357084235764
2.5341888099639222e-05,0.054117584709031503,0.0,0.0,0.0,2.5341888099639222e-05,0.7251357084235764
2.5061034015250173e-05,0.05351782100385524,0.0,0.0,0.0,2.5061034015250173e-05,0.7251357084235764
2.478329330071194e-05,0.05292470589786661,0.0,0.0,0.0,2.478329330071194e-05,0.7251357084235764
2.450863142606785e-05,0.05233816565236673,0.0,0.0,0.0,2.450863142606785e-05,0.7251357084235764
2.423701424474345e-05,0.051758127347369204,0.0,0.0,0.0,2.423701424474345e-05,0.7251357084235764
2.439938815792557e-05,0.05210487672794496,4.3098016868674195e-07,4.3098016868674195e-07,0.0,2.3968407989238827e-05,0.7251740604794077
2.3702779266865372e-05,0.05061726891739862,0.0,0.0,0.0,2.3702779266865372e-05,0.7251740604794077
2.344009505572675e-05,0.05005630696412483,0.0,0.0,0.0,2.344009505572675e-05,0.7251740604794077
2.3180322700389056e-05,0.049501563276922914,0.0,0.0,0.0,2.3180322700389056e-05,0.7251740604794077
2.2923429907972805e-05,0.0489529688943708,0.0,0.0,0.0,2.2923429907972805e-05,0.7251740604794077
2.2669384744067324e-05,0.048410455620556354,0.0,0.0,0.0,2.2669384744067324e-05,0.7251740604794077
2.2418155628689543e-05,0.04787395601644732,0.0,0.0,0.0,2.2418155628689543e-05,0.7251740604794077
2.2169711332464815e-05,0.04734340339173547,0.0,0.0,0.0,2.2169711332464815e-05,0.7251740604794077
2.1924020972585724e-05,0.04681873179620671,0.0,0.0,0.0,2.1924020972585724e-05,0.7251740604794077
2.1681054009037305e-05,0.046299876011679945,0.0,0.0,0.0,2.1681054009037305e-05,0.7251740604794077
2.14407802408223e-05,0.04578677154394619,0.0,0.0,0.0,2.14407802408223e-05,0.7251740604794077
2.1203169802075375e-05,0.04527935461447045,0.0,0.0,0.0,2.1203169802075375e-05,0.7251740604794077
2.0968193158488194e-05,0.04477756215275745,0.0,0.0,0.0,2.0968193158488194e-05,0.7251740604794077
2.0735821103468056e-05,0.04428133178814847,0.0,0.0,0.0,2.0735821103468056e-05,0.7251740604794077
2.050602475460739e-05,0.043790601842281875,0.0,0.0,0.0,2.050602475460739e-05,0.7251740604794077
2.0278775550020002e-05,0.04330531132126923,0.0,0.0,0.0,2.0278775550020002e-05,0.7251740604794077
2.0054045244832788e-05,0.04282539990820334,0.0,0.0,0.0,2.0054045244832788e-05,0.7251740604794077
1.98318059076108e-05,0.04235080795552397,0.0,0.0,0.0,1.98318059076108e-05,0.7251740604794077
1.961202991684896e-05,0.0418814764775259,0.0,0.0,0.0,1.961202991684896e-05,0.7251740604794077
1.9394689957619172e-05,0.041417347143198883,0.0,0.0,0.0,1.9394689957619172e-05,0.7251740604794077
1.917975901812863e-05,0.04095836226887782,0.0,0.0,0.0,1.917975901812863e-05,0.7251740604794077
1.896721038625593e-05,0.04050446481084574,0.0,0.0,0.0,1.896721038625593e-05,0.7251740604794077
1.8757017646398035e-05,0.040055598358600425,0.0,0.0,0.0,1.8757017646398035e-05,0.7251740604794077
1.8549154675961968e-05,0.03961170712736241,0.0,0.0,0.0,1.8549154675961968e-05,0.7251740604794077
1.8343595642345e-05,0.03917273595162625,0.0,0.0,0.0,1.8343595642345e-05,0.7251740604794077
1.814031499949298e-05,0.038738630277810764,0.0,0.0,0.0,1.814031499949298e-05,0.7251740604794077
1.7939287484880494e-05,0.0383093361578102,0.0,0.0,0.0,1.7939287484880494e-05,0.7251740604794077
1.774048811622464e-05,0.03788480024197651,0.0,0.0,0.0,1.774048811622464e-05,0.7251740604794077
1.7543892188487397e-05,0.037464969772717904,0.0,0.0,0.0,1.7543892188487397e-05,0.7251740604794077
1.734947527074482e-05,0.037049792577812976,0.0,0.0,0.0,1.734947527074482e-05,0.7251740604794077
1.7157213203100596e-05,0.03663921706381969,0.0,0.0,0.0,1.7157213203100596e-05,0.7251740604794077
1.6967082093777287e-05,0.036233192209863645,0.0,0.0,0.0,1.6967082093777287e-05,0.7251740604794077
1.6779058316052087e-05,0.03583166756109446,0.0,0.0,0.0,1.6779058316052087e-05,0.7251740604794077
1.6593118505303652e-05,0.03543459322237922,0.0,0.0,0.0,1.6593118505303652e-05,0.7251740604794077
1.640923955619211e-05,0.03504191985228044,0.0,0.0,0.0,1.640923955619211e-05,0.7251740604794077
1.6227398619661492e-05,0.03465359865665471,0.0,0.0,0.0,1.6227398619661492e-05,0.7251740604794077
1.604757310018634e-05,0.03426958138277287,0.0,0.0,0.0,1.604757310018634e-05,0.7251740604794077
1.5869740652929565e-05,0.033889820313250586,0.0,0.0,0.0,1.5869740652929565e-05,0.7251740604794077
1.5693879180900262e-05,0.033514268259978906,0.0,0.0,0.0,1.5693879180900262e-05,0.7251740604794077
1.551996683233359e-05,0.03314287855852893,0.0,0.0,0.0,1.551996683233359e-05,0.7251740604794077
1.534798199778198e-05,0.03277560506194018,0.0,0.0,0.0,1.534798199778198e-05,0.7251740604794077
1.517790330758384e-05,0.03241240213531492,0.0,0.0,0.0,1.517790330758384e-05,0.7251740604794077
1.50097096291546e-05,0.03205322465003324,0.0,0.0,0.0,1.50097096291546e-05,0.7251740604794077
1.4843380064277767e-05,0.03169802797796813,0.0,0.0,0.0,1.4843380064277767e-05,0.7251740604794077
1.467889394659583e-05,0.03134676798612724,0.0,0.0,0.0,1.467889394659583e-05,0.7251740604794077
1.4516230839012323e-05,0.030999401031105052,0.0,0.0,0.0,1.4516230839012323e-05,0.7251740604794077
1.4355370531160539e-05,0.030655883953677274,0.0,0.0,0.0,1.4355370531160539e-05,0.7251740604794077
1.4196293036761176e-05,0.03031617407315813,0.0,0.0,0.0,1.4196293036761176e-05,0.7251740604794077
1.40389785913575e-05,0.02998022918256377,0.0,0.0,0.0,1.40389785913575e-05,0.7251740604794077
1.3883407649628587e-05,0.029648007542874732,0.0,0.0,0.0,1.3883407649628587e-05,0.7251740604794077
1.3729560883124493e-05,0.029319467878199373,0.0,0.0,0.0,1.3729560883124493e-05,0.7251740604794077
1.3577419177757123e-05,0.02899456937041564,0.0,0.0,0.0,1.3577419177757123e-05,0.7251740604794077
1.3426963631446576e-05,0.028673271654144825,0.0,0.0,0.0,1.3426963631446576e-05,0.7251740604794077
1.327817555176747e-05,0.0283555348117253,0.0,0.0,0.0,1.327817555176747e-05,0.7251740604794077
1.3131036453661872e-05,0.028041319368328505,0.0,0.0,0.0,1.3131036453661872e-05,0.7251740604794077
1.2985528057063433e-05,0.027730586286885243,0.0,0.0,0.0,1.2985528057063433e-05,0.7251740604794077
1.2841632284676942e-05,0.02742329696334394,0.0,0.0,0.0,1.2841632284676942e-05,0.7251740604794077
1.2699331259691249e-05,0.027119413221786622,0.0,0.0,0.0,1.2699331259691249e-05,0.7251740604794077
1.2558607303603254e-05,0.026818897309782,0.0,0.0,0.0,1.2558607303603254e-05,0.7251740604794077
1.2419442933930825e-05,0.02652171189350144,0.0,0.0,0.0,1.2419442933930825e-05,0.7251740604794077
1.2281820862147797e-05,0.02622782005330914,0.0,0.0,0.0,1.2281820862147797e-05,0.7251740604794077
1.2145723991441315e-05,0.025937185278972923,0.0,0.0,0.0,1.2145723991441315e-05,0.7251740604794077
1.2011135414602414e-05,0.02564977146515962,0.0,0.0,0.0,1.2011135414602414e-05,0.7251740604794077
1.1878038411938796e-05,0.025365542906977765,0.0,0.0,0.0,1.1878038411938796e-05,0.7251740604794077
1.1746416449209819e-05,0.025084464295567755,0.0,0.0,0.0,1.1746416449209819e-05,0.7251740604794077
1.1616253175539271e-05,0.024806500713644628,0.0,0.0,0.0,1.1616253175539271e-05,0.7251740604794077
1.1487532421372571e-05,0.024531617631135635,0.0,0.0,0.0,1.1487532421372571e-05,0.7251740604794077
1.1360238196456152e-05,0.024259780900865214,0.0,0.0,0.0,1.1360238196456152e-05,0.7251740604794077
1.1234354687927884e-05,0.0239909567544771,0.0,0.0,0.0,1.1234354687927884e-05,0.7251740604794077
1.1109866258229851e-05,0.023725111797977053,0.0,0.0,0.0,1.1109866258229851e-05,0.7251740604794077
1.0986757443265383e-05,0.02346221300779721,0.0,0.0,0.0,1.0986757443265383e-05,0.7251740604794077
1.0865012950400655e-05,0.023202227726528496,0.0,0.0,0.0,1.0865012950400655e-05,0.7251740604794077
1.0744617656599509e-05,0.022945123658937534,0.0,0.0,0.0,1.0744617656599509e-05,0.7251740604794077
1.0625556606513876e-05,0.02269086886788875,0.0,0.0,0.0,1.0625556606513876e-05,0.7251740604794077
1.0507815010685208e-05,0.02243943177050352,0.0,0.0,0.0,1.0507815010685208e-05,0.7251740604794077
1.0391378243590489e-05,0.022190781133987456,0.0,0.0,0.0,1.0391378243590489e-05,0.7251740604794077
1.0276231841999106e-05,0.021944886072121465,0.0,0.0,0.0,1.0276231841999106e-05,0.7251740604794077
1.016236150293004e-05,0.021701716040899363,0.0,0.0,0.0,1.016236150293004e-05,0.7251740604794077
1.0049753082097547e-05,0.02146124083520861,0.0,0.0,0.0,1.0049753082097547e-05,0.7251740604794077
9.938392592045987e-06,0.02122343058484726,0.0,0.0,0.0,9.938392592045987e-06,0.7251740604794077
9.82826620041788e-06,0.020988255750825364,0.0,0.0,0.0,9.82826620041788e-06,0.7251740604794077
9.719360228199747e-06,0.020755687121618998,0.0,0.0,0.0,9.719360228199747e-06,0.7251740604794077
9.611661148101192e-06,0.020525695809708765,0.0,0.0,0.0,9.611661148101192e-06,0.7251740604794077
9.50515558280074e-06,0.020298253247833808,0.0,0.0,0.0,9.50515558280074e-06,0.7251740604794077
9.399830303369329e-06,0.02007333118562515,0.0,0.0,0.0,9.399830303369329e-06,0.7251740604794077
9.295672227493946e-06,0.01985090168581231,0.0,0.0,0.0,9.295672227493946e-06,0.7251740604794077
9.192668417923322e-06,0.01963093712090404,0.0,0.0,0.0,9.192668417923322e-06,0.7251740604794077
9.090806080891412e-06,0.019413410169821704,0.0,0.0,0.0,9.090806080891412e-06,0.7251740604794077
8.990072564496465e-06,0.019198293814437762,0.0,0.0,0.0,8.990072564496465e-06,0.7251740604794077
8.890455357080108e-06,0.018985561336114308,0.0,0.0,0.0,8.890455357080108e-06,0.7251740604794077
8.79194208571743e-06,0.01877518631247866,0.0,0.0,0.0,8.79194208571743e-06,0.7251740604794077
8.694520514684889e-06,0.01856714261415156,0.0,0.0,0.0,8.694520514684889e-06,0.7251740604794077
8.598178543928192e-06,0.018361404401475337,0.0,0.0,0.0,8.598178543928192e-06,0.7251740604794077
8.502904207530193e-06,0.018157946121242108,0.0,0.0,0.0,8.502904207530193e-06,0.7251740604794077
8.408685672267602e-06,0.017956742503611633,0.0,0.0,0.0,8.408685672267602e-06,0.7251740604794077
8.315511236123286e-06,0.017757768558934323,0.0,0.0,0.0,8.315511236123286e-06,0.7251740604794077
8.223369326776365e-06,0.017560999574526844,0.0,0.0,0.0,8.223369326776365e-06,0.7251740604794077
8.132248500247741e-06,0.017366411111779667,0.0,0.0,0.0,8.132248500247741e-06,0.7251740604794077
8.042137439434605e-06,0.01717397900302748,0.0,0.0,0.0,8.042137439434605e-06,0.7251740604794077
7.953024952733756e-06,0.016983679348609296,0.0,0.0,0.0,7.953024952733756e-06,0.7251740604794077
7.864899972553908e-06,0.016795488513691493,0.0,0.0,0.0,7.864899972553908e-06,0.7251740604794077
7.777751554072233e-06,0.016609383125612404,0.0,0.0,0.0,7.777751554072233e-06,0.7251740604794077
7.691568873768873e-06,0.01642534007075278,0.0,0.0,0.0,7.691568873768873e-06,0.7251740604794077
7.60634122813908e-06,0.016243336491785536,0.0,0.0,0.0,7.60634122813908e-06,0.7251740604794077
7.522058032360946e-06,0.016063349784830736,0.0,0.0,0.0,7.522058032360946e-06,0.7251740604794077
7.438708818918727e-06,0.01588535759651567,0.0,0.0,0.0,7.438708818918727e-06,0.7251740604794077
7.356283236403805e-06,0.015709337821414298,0.0,0.0,0.0,7.356283236403805e-06,0.7251740604794077
7.274771048093598e-06,0.015535268599012558,0.0,0.0,0.0,7.274771048093598e-06,0.7251740604794077
7.194162130796933e-06,0.015363128311242613,0.0,0.0,0.0,7.194162130796933e-06,0.7251740604794077
7.1144464735661834e-06,0.015192895579732657,0.0,0.0,0.0,7.1144464735661834e-06,0.7251740604794077
7.0356141763872065e-06,0.015024549263009258,0.0,0.0,0.0,7.0356141763872065e-06,0.7251740604794077
6.957655449069123e-06,0.014858068454126485,0.0,0.0,0.0,6.957655449069123e-06,0.7251740604794077
6.8805606098676366e-06,0.014693432477726013,0.0,0.0,0.0,6.8805606098676366e-06,0.7251740604794077
6.8043200844636335e-06,0.014530620887855922,0.0,0.0,0.0,6.8043200844636335e-06,0.7251740604794077
6.728924404608705e-06,0.014369613465078207,0.0,0.0,0.0,6.728924404608705e-06,0.7251740604794077
6.6543642070149294e-06,0.014210390214097918,0.0,0.0,0.0,6.6543642070149294e-06,0.7251740604794077
6.580630232266849e-06,0.014052931361439674,0.0,0.0,0.0,6.580630232266849e-06,0.7251740604794077
6.507713323533615e-06,0.013897217352697456,0.0,0.0,0.0,6.507713323533615e-06,0.7251740604794077
6.4356044254809674e-06,0.013743228850211146,0.0,0.0,0.0,6.4356044254809674e-06,0.7251740604794077
6.3642945832276254e-06,0.013590946730837893,0.0,0.0,0.0,6.3642945832276254e-06,0.7251740604794077
6.293774941079633e-06,0.013440352083249306,0.0,0.0,0.0,6.293774941079633e-06,0.7251740604794077
6.224036741575568e-06,0.013291426205892506,0.0,0.0,0.0,6.224036741575568e-06,0.7251740604794077
6.155071324309703e-06,0.013144150604476988,0.0,0.0,0.0,6.155071324309703e-06,0.7251740604794077
6.0868701248884e-06,0.01299850698974599,0.0,0.0,0.0,6.0868701248884e-06,0.7251740604794077
6.019424673819884e-06,0.01285447727510562,0.0,0.0,0.0,6.019424673819884e-06,0.7251740604794077
5.952726595559455e-06,0.012712043574585894,0.0,0.0,0.0,5.952726595559455e-06,0.7251740604794077
5.8867676073770525e-06,0.012571188200422436,0.0,0.0,0.0,5.8867676073770525e-06,0.7251740604794077
8.637807545813699e-06,0.018446032107905144,2.816268027477838e-06,2.816268027477838e-06,0.0,5.821539518335861e-06,0.7252712442113803
8.711712383334709e-06,0.018603855837898153,2.9546781550194033e-06,2.9546781550194033e-06,0.0,5.757034228315306e-06,0.725370737133225
8.648840853115608e-06,0.018469593728104246,2.955597126125958e-06,2.955597126125958e-06,0.0,5.69324372698965e-06,0.7254702291360989
5.630160092828796e-06,0.012023203028562374,0.0,0.0,0.0,5.630160092828796e-06,0.7254702291360989
5.567775492099081e-06,0.011889980756360108,0.0,0.0,0.0,5.567775492099081e-06,0.7254702291360989
5.506082177908489e-06,0.011758234726089467,0.0,0.0,0.0,5.506082177908489e-06,0.7254702291360989
5.445072489251857e-06,0.011627948577679164,0.0,0.0,0.0,5.445072489251857e-06,0.7254702291360989
5.384738849989468e-06,0.01149910613228801,0.0,0.0,0.0,5.384738849989468e-06,0.7254702291360989
5.3250737680476945e-06,0.0113716913905979,0.0,0.0,0.0,5.3250737680476945e-06,0.7254702291360989
5.266069834308773e-06,0.011245688530442912,0.0,0.0,0.0,5.266069834308773e-06,0.7254702291360989
5.207719721833648e-06,0.011121081905149707,0.0,0.0,0.0,5.207719721833648e-06,0.7254702291360989
5.150016184907181e-06,0.010997856041498558,0.0,0.0,0.0,5.150016184907181e-06,0.7254702291360989
5.09295205810556e-06,0.010875995637731815,0.0,0.0,0.0,5.09295205810556e-06,0.7254702291360989
5.036520255430333e-06,0.010755485561704631,0.0,0.0,0.0,5.036520255430333e-06,0.7254702291360989
4.980713769442425e-06,0.010636310849035647,0.0,0.0,0.0,4.980713769442425e-06,0.7254702291360989
4.925525670329556e-06,0.010518456701115484,0.0,0.0,0.0,4.925525670329556e-06,0.7254702291360989
4.87094910515129e-06,0.010401908483494525,0.0,0.0,0.0,4.87094910515129e-06,0.7254702291360989
4.816977296906444e-06,0.010286651723891375,0.0,0.0,0.0,4.816977296906444e-06,0.7254702291360989
4.763603543667117e-06,0.010172672110343582,0.0,0.0,0.0,4.763603543667117e-06,0.7254702291360989
4.7108212178681445e-06,0.010059955489690277,0.0,0.0,0.0,4.7108212178681445e-06,0.7254702291360989
4.65862376535231e-06,0.009948487865533198,0.0,0.0,0.0,4.65862376535231e-06,0.7254702291360989
4.607004704615392e-06,0.009838255396624513,0.0,0.0,0.0,4.607004704615392e-06,0.7254702291360989
4.555957626006801e-06,0.009729244395159778,0.0,0.0,0.0,4.555957626006801e-06,0.7254702291360989
4.505476190885816e-06,0.009621441324976054,0.0,0.0,0.0,4.505476190885816e-06,0.7254702291360989
4.455554130911033e-06,0.009514832800034572,0.0,0.0,0.0,4.455554130911033e-06,0.7254702291360989
4.406185247218808e-06,0.009409405582666253,0.0,0.0,0.0,4.406185247218808e-06,0.7254702291360989
4.357363409601689e-06,0.009305146581817273,0.0,0.0,0.0,4.357363409601689e-06,0.7254702291360989
4.3090825558644855e-06,0.00920204285167395,0.0,0.0,0.0,4.3090825558644855e-06,0.7254702291360989
4.261336690936091e-06,0.009100081589766036,0.0,0.0,0.0,4.261336690936091e-06,0.7254702291360989
4.214119886247758e-06,0.008999250135639025,0.0,0.0,0.0,4.214119886247758e-06,0.7254702291360989
4.16742627888933e-06,0.008899535969052285,0.0,0.0,0.0,4.16742627888933e-06,0.7254702291360989
4.121250071009719e-06,0.00880092670869878,0.0,0.0,0.0,4.121250071009719e-06,0.7254702291360989
4.075585528928727e-06,0.00870341011030837,0.0,0.0,0.0,4.075585528928727e-06,0.7254702291360989
4.0304269825819364e-06,0.008606974065462368,0.0,0.0,0.0,4.0304269825819364e-06,0.7254702291360989
3.985768824721347e-06,0.008511606599886505,0.0,0.0,0.0,3.985768824721347e-06,0.7254702291360989
3.9416055102270425e-06,0.008417295871980987,0.0,0.0,0.0,3.9416055102270425e-06,0.7254702291360989
3.897931555463252e-06,0.008324030171445378,0.0,0.0,0.0,3.897931555463252e-06,0.7254702291360989
3.854741537590023e-06,0.008231797917808668,0.0,0.0,0.0,3.854741537590023e-06,0.7254702291360989
3.8120300938304653e-06,0.008140587658864473,0.0,0.0,0.0,3.8120300938304653e-06,0.7254702291360989
3.769791920871235e-06,0.008050388069390775,0.0,0.0,0.0,3.769791920871235e-06,0.7254702291360989
3.728021774151991e-06,0.00796118794963255,0.0,0.0,0.0,3.728021774151991e-06,0.7254702291360989
3.6867144672436684e-06,0.007872976223974077,0.0,0.0,0.0,3.6867144672436684e-06,0.7254702291360989
3.6458648712489606e-06,0.007785741939658662,0.0,0.0,0.0,3.6458648712489606e-06,0.7254702291360989
3.6054679140251623e-06,0.007699474265129031,0.0,0.0,0.0,3.6054679140251623e-06,0.7254702291360989
3.565518579740079e-06,0.0076141624890789595,0.0,0.0,0.0,3.565518579740079e-06,0.7254702291360989
3.5260119080726684e-06,0.007529796018746252,0.0,0.0,0.0,3.5260119080726684e-06,0.7254702291360989
3.48694299372454e-06,0.007446364378869552,0.0,0.0,0.0,3.48694299372454e-06,0.7254702291360989
3.4483069857316195e-06,0.0073638572102183945,0.0,0.0,0.0,3.4483069857316195e-06,0.7254702291360989
3.4100990869090354e-06,0.0072822642684077675,0.0,0.0,0.0,3.4100990869090354e-06,0.7254702291360989
3.372314553251599e-06,0.007201575422617832,0.0,0.0,0.0,3.372314553251599e-06,0.7254702291360989
3.3349486933120787e-06,0.007121780654266236,0.0,0.0,0.0,3.3349486933120787e-06,0.7254702291360989
3.2979968676460915e-06,0.007042870055822669,0.0,0.0,0.0,3.2979968676460915e-06,0.7254702291360989
3.2614544882125787e-06,0.006964833829528589,0.0,0.0,0.0,3.2614544882125787e-06,0.7254702291360989
3.225317017840901e-06,0.006887662286259198,0.0,0.0,0.0,3.225317017840901e-06,0.7254702291360989
3.189579969631318e-06,0.006811345844243167,0.0,0.0,0.0,3.189579969631318e-06,0.7254702291360989
3.15423890642208e-06,0.0067358750279246146,0.0,0.0,0.0,3.15423890642208e-06,0.7254702291360989
3.1192894401899096e-06,0.006661240466682833,0.0,0.0,0.0,3.1192894401899096e-06,0.7254702291360989
3.084727231583706e-06,0.006587432893836512,0.0,0.0,0.0,3.084727231583706e-06,0.7254702291360989
3.05054798934723e-06,0.006514443145410886,0.0,0.0,0.0,3.05054798934723e-06,0.7254702291360989
3.0167474697417874e-06,0.006442262158904879,0.0,0.0,0.0,3.0167474697417874e-06,0.7254702291360989
2.9833214760799365e-06,0.006370880972295326,0.0,0.0,0.0,2.9833214760799365e-06,0.7254702291360989
2.9502658582147847e-06,0.0063002907229463756,0.0,0.0,0.0,2.9502658582147847e-06,0.7254702291360989
2.9175765119404673e-06,0.006230482646329211,0.0,0.0,0.0,2.9175765119404673e-06,0.7254702291360989
2.885249378570265e-06,0.006161448075121117,0.0,0.0,0.0,2.885249378570265e-06,0.7254702291360989
2.8532804444036943e-06,0.006093178438067457,0.0,0.0,0.0,2.8532804444036943e-06,0.7254702291360989
2.8216657401713974e-06,0.00602566525879623,0.0,0.0,0.0,2.8216657401713974e-06,0.7254702291360989
2.7904013406576667e-06,0.005958900155011978,0.0,0.0,0.0,2.7904013406576667e-06,0.7254702291360989
2.7594833641009234e-06,0.005892874837215502,0.0,0.0,0.0,2.7594833641009234e-06,0.7254702291360989
2.7289079717718326e-06,0.005827581107802933,0.0,0.0,0.0,2.7289079717718326e-06,0.7254702291360989
2.698671367484806e-06,0.0057630108600225435,0.0,0.0,0.0,2.698671367484806e-06,0.7254702291360989
2.6687697971539137e-06,0.005699156077026394,0.0,0.0,0.0,2.6687697971539137e-06,0.7254702291360989
2.6391995482377695e-06,0.005636008830684897,0.0,0.0,0.0,2.6391995482377695e-06,0.7254702291360989
5.428835017081895e-06,0.01159327346696273,2.818878067719838e-06,2.818878067719838e-06,0.0,2.609956949362058e-06,0.7255674102580313
5.400773918408619e-06,0.011533349009932983,2.819735548533175e-06,2.819735548533175e-06,0.0,2.581038369875444e-06,0.7256645905224824
5.373033762927007e-06,0.011474109926869583,2.820593543610342e-06,2.820593543610342e-06,0.0,2.552440219316665e-06,0.7257617699289387
2.524158947014854e-06,0.005390339705433426,0.0,0.0,0.0,2.524158947014854e-06,0.7257617699289387
2.496191041689855e-06,0.005330614262735201,0.0,0.0,0.0,2.496191041689855e-06,0.7257617699289387
2.468533030919318e-06,0.005271550599646138,0.0,0.0,0.0,2.468533030919318e-06,0.7257617699289387
2.4411814808056323e-06,0.005213141383080236,0.0,0.0,0.0,2.4411814808056323e-06,0.7257617699289387
2.4141329954874283e-06,0.00515537936117786,0.0,0.0,0.0,2.4141329954874283e-06,0.7257617699289387
2.3873842167398965e-06,0.005098257362452228,0.0,0.0,0.0,2.3873842167398965e-06,0.7257617699289387
2.3609318235529034e-06,0.005041768294888471,0.0,0.0,0.0,2.3609318235529034e-06,0.7257617699289387
2.3347725317091064e-06,0.004985905145042697,0.0,0.0,0.0,2.3347725317091064e-06,0.7257617699289387
2.308903093406478e-06,0.0049306609772359,0.0,0.0,0.0,2.308903093406478e-06,0.7257617699289387
2.2833202968142174e-06,0.004876028932605599,0.0,0.0,0.0,2.2833202968142174e-06,0.7257617699289387
2.2580209656952734e-06,0.004822002228299743,0.0,0.0,0.0,2.2580209656952734e-06,0.7257617699289387
2.233001959051073e-06,0.0047685741567180286,0.0,0.0,0.0,2.233001959051073e-06,0.7257617699289387
2.2082601706552298e-06,0.00471573808451613,0.0,0.0,0.0,2.2082601706552298e-06,0.7257617699289387
2.183792528676065e-06,0.004663487451799598,0.0,0.0,0.0,2.183792528676065e-06,0.7257617699289387
2.1595959954101575e-06,0.004611815771554853,0.0,0.0,0.0,2.1595959954101575e-06,0.7257617699289387
2.135667566705024e-06,0.004560716628416324,0.0,0.0,0.0,2.135667566705024e-06,0.7257617699289387
2.1120042717814868e-06,0.004510183678287104,0.0,0.0,0.0,2.1120042717814868e-06,0.7257617699289387
2.088603172789583e-06,0.004460210647390609,0.0,0.0,0.0,2.088603172789583e-06,0.7257617699289387
2.0654613643422695e-06,0.004410791331274795,0.0,0.0,0.0,2.0654613643422695e-06,0.7257617699289387
2.0425759733599946e-06,0.004361919594480242,0.0,0.0,0.0,2.0425759733599946e-06,0.7257617699289387
2.01994415853779e-06,0.004313589369402134,0.0,0.0,0.0,2.01994415853779e-06,0.7257617699289387
1.997563110078815e-06,0.004265794655721241,0.0,0.0,0.0,1.997563110078815e-06,0.7257617699289387
1.9754300492946796e-06,0.004218529519550402,0.0,0.0,0.0,1.9754300492946796e-06,0.7257617699289387
1.9535422283167847e-06,0.004171788092818106,0.0,0.0,0.0,1.9535422283167847e-06,0.7257617699289387
1.9318969297410503e-06,0.0041255645725097965,0.0,0.0,0.0,1.9318969297410503e-06,0.7257617699289387
1.9104914662504413e-06,0.004079853219861782,0.0,0.0,0.0,1.9104914662504413e-06,0.7257617699289387
1.889323180281899e-06,0.00403464835964997,0.0,0.0,0.0,1.889323180281899e-06,0.7257617699289387
0.0001285895522413713,0.2746029008871646,0.0001267211627975892,0.0001267211627975892,0.0,1.8683894437820925e-06,0.726362093766141
1.2843918185577478e-05,0.027428178503154026,1.099623052776974e-05,1.099623052776974e-05,0.0,1.8476876578077396e-06,0.7265510975356133
4.900474243853457e-06,0.010464959397004916,3.0732589916831235e-06,3.0732589916831235e-06,0.0,1.8272152521703334e-06,0.7266523255866216
4.8812045995149065e-06,0.010423809084695737,3.0742349143230113e-06,3.0742349143230113e-06,0.0,1.806969685191895e-06,0.7267535526617075
1.7869484433719053e-06,0.003816027178978342,0.0,0.0,0.0,1.7869484433719053e-06,0.7267535526617075
1.767149041054239e-06,0.0037737455688669876,0.0,0.0,0.0,1.767149041054239e-06,0.7267535526617075
0.00013279289358300448,0.28357913344814906,0.00013104532456288817,0.00013104532456288817,0.0,1.747569020116302e-06,0.7273619784371446
1.2758092487790757e-05,0.027244897784214593,1.1029886538110385e-05,1.1029886538110385e-05,0.0,1.7282059496803726e-06,0.7275509485506063
4.861647176064541e-06,0.010382044220290048,3.1525897502395964e-06,3.1525897502395964e-06,0.0,1.7090574258249448e-06,0.7276532869008562
4.52838801302135e-06,0.00967036950548032,2.8382669417696893e-06,2.8382669417696893e-06,0.0,1.6901210712516603e-06,0.7277504486339146
1.6713945349744465e-06,0.0035692618866066113,0.0,0.0,0.0,1.6713945349744465e-06,0.7277504486339146
1.6528754921196766e-06,0.003529714483252816,0.0,0.0,0.0,1.6528754921196766e-06,0.7277504486339146
4.473697730892194e-06,0.00955357844538849,2.8391360873657054e-06,2.8391360873657054e-06,0.0,1.6345616435264889e-06,0.727847609497827
4.45645647321852e-06,0.009516759751415225,2.840005757649369e-06,2.840005757649369e-06,0.0,1.616450715569151e-06,0.7279447694920694
4.2878241452247454e-06,0.009156645530288419,2.6892836854895696e-06,2.6892836854895696e-06,0.0,1.598540459735176e-06,0.7280393376683839
1.5808286524698902e-06,0.003375858506443383,0.0,0.0,0.0,1.5808286524698902e-06,0.7280393376683839
1.5633130949099796e-06,0.0033384540452506173,0.0,0.0,0.0,1.5633130949099796e-06,0.7280393376683839
1.5459916124838104e-06,0.003301464031373255,0.0,0.0,0.0,1.5459916124838104e-06,0.7280393376683839
1.5288620547115884e-06,0.003264883872463167,0.0,0.0,0.0,1.5288620547115884e-06,0.7280393376683839
1.5119222950277234e-06,0.0032287090272409887,0.0,0.0,0.0,1.5119222950277234e-06,0.7280393376683839
1.49517023033674e-06,0.003192935004547771,0.0,0.0,0.0,1.49517023033674e-06,0.7280393376683839
4.320327228570517e-06,0.009226055842549034,2.8417234476682627e-06,2.8417234476682627e-06,0.0,1.4786037809022547e-06,0.7281364959449362
6.828944661266959e-05,0.14583206654782144,6.682722572265567e-05,6.682722572265567e-05,0.0,1.4622208900139101e-06,0.7285821711492134
1.4460195237653296e-06,0.0030879737042717697,0.0,0.0,0.0,1.4460195237653296e-06,0.7285821711492134
4.276595644614619e-06,0.009132667074913083,2.846597973826955e-06,2.846597973826955e-06,0.0,1.4299976707876639e-06,0.7286793245512397
1.4141533419831376e-06,0.003019923494864693,0.0,0.0,0.0,1.4141533419831376e-06,0.7286793245512397
1.3984845703030048e-06,0.0029864628436554355,0.0,0.0,0.0,1.3984845703030048e-06,0.7286793245512397
1.3829894105032992e-06,0.0029533729404981218,0.0,0.0,0.0,1.3829894105032992e-06,0.7286793245512397
1.3676659389005863e-06,0.002920649677368092,0.0,0.0,0.0,1.3676659389005863e-06,0.7286793245512397
1.3525122530833045e-06,0.0028882889916667584,0.0,0.0,0.0,1.3525122530833045e-06,0.7286793245512397
4.184998626837377e-06,0.008937061706080085,2.8474721550366343e-06,2.8474721550366343e-06,0.0,1.337526471800743e-06,0.7287764770790849
1.3227067345633615e-06,0.002824639327247216,0.0,0.0,0.0,1.3227067345633615e-06,0.7287764770790849
1.308051201576177e-06,0.0027933424465739387,0.0,0.0,0.0,1.308051201576177e-06,0.7287764770790849
1.2935580533390834e-06,0.002762392338423448,0.0,0.0,0.0,1.2935580533390834e-06,0.7287764770790849
1.279225490624647e-06,0.0027317851605467903,0.0,0.0,0.0,1.279225490624647e-06,0.7287764770790849
1.2650517340340173e-06,0.0027015171130389364,0.0,0.0,0.0,1.2650517340340173e-06,0.7287764770790849
1.2510350239525183e-06,0.002671584438243949,0.0,0.0,0.0,1.2510350239525183e-06,0.7287764770790849
1.2371736202609897e-06,0.0026419834201385516,0.0,0.0,0.0,1.2371736202609897e-06,0.7287764770790849
1.2234658021137435e-06,0.002612710383857953,0.0,0.0,0.0,1.2234658021137435e-06,0.7287764770790849
1.2099098676943143e-06,0.0025837616951742562,0.0,0.0,0.0,1.2099098676943143e-06,0.7287764770790849
1.196504134104437e-06,0.0025551337602593665,0.0,0.0,0.0,1.196504134104437e-06,0.7287764770790849
1.183246937053184e-06,0.002526823025021146,0.0,0.0,0.0,1.183246937053184e-06,0.7287764770790849
1.1701366307237394e-06,0.002498825974818909,0.0,0.0,0.0,1.1701366307237394e-06,0.7287764770790849
1.15717158748474e-06,0.0024711391338469928,0.0,0.0,0.0,1.15717158748474e-06,0.7287764770790849
1.1443501978014582e-06,0.0024437590649450873,0.0,0.0,0.0,1.1443501978014582e-06,0.7287764770790849
1.1316708699471433e-06,0.002416682368981804,0.0,0.0,0.0,1.1316708699471433e-06,0.7287764770790849
1.119132029825387e-06,0.0023899056844753404,0.0,0.0,0.0,1.119132029825387e-06,0.7287764770790849
1.1067321207924863e-06,0.002363425687214132,0.0,0.0,0.0,1.1067321207924863e-06,0.7287764770790849
1.0944696034353995e-06,0.002337239089782682,0.0,0.0,0.0,1.0944696034353995e-06,0.7287764770790849
1.08234295543852e-06,0.0023113426412770524,0.0,0.0,0.0,1.08234295543852e-06,0.7287764770790849
1.0703506712950174e-06,0.0022857331266884365,0.0,0.0,0.0,1.0703506712950174e-06,0.7287764770790849
1.0584912622402242e-06,0.0022604073667609054,0.0,0.0,0.0,1.0584912622402242e-06,0.7287764770790849
1.0467632559851837e-06,0.0022353622174223976,0.0,0.0,0.0,1.0467632559851837e-06,0.7287764770790849
1.035165196539012e-06,0.0022105945694053776,0.0,0.0,0.0,1.035165196539012e-06,0.7287764770790849
1.0236956440534684e-06,0.002186101347914911,0.0,0.0,0.0,1.0236956440534684e-06,0.7287764770790849
1.0123531746231151e-06,0.0021618795122019083,0.0,0.0,0.0,1.0123531746231151e-06,0.7287764770790849
1.0011363801742945e-06,0.002137926055326038,0.0,0.0,0.0,1.0011363801742945e-06,0.7287764770790849
9.900438681542667e-07,0.0021142380034918752,0.0,0.0,0.0,9.900438681542667e-07,0.7287764770790849
9.790742615090054e-07,0.002090812416001489,0.0,0.0,0.0,9.790742615090054e-07,0.7287764770790849
9.68226198416744e-07,0.0020676463846854274,0.0,0.0,0.0,9.68226198416744e-07,0.7287764770790849
9.574983321325448e-07,0.0020447370335707968,0.0,0.0,0.0,9.574983321325448e-07,0.7287764770790849
9.46889330855072e-07,0.002022081518596755,0.0,0.0,0.0,9.46889330855072e-07,0.7287764770790849
9.363978775267512e-07,0.001999677027187754,0.0,0.0,0.0,9.363978775267512e-07,0.7287764770790849
9.260226696783392e-07,0.001977520777921613,0.0,0.0,0.0,9.260226696783392e-07,0.7287764770790849
9.157624193179004e-07,0.001955610020292436,0.0,0.0,0.0,9.157624193179004e-07,0.7287764770790849
9.056158526643544e-07,0.0019339420341415964,0.0,0.0,0.0,9.056158526643544e-07,0.7287764770790849
8.955817100808617e-07,0.0019125141295154844,0.0,0.0,0.0,8.955817100808617e-07,0.7287764770790849
8.856587458971887e-07,0.0018913236462861688,0.0,0.0,0.0,8.856587458971887e-07,0.7287764770790849
8.75845728232072e-07,0.0018703679537720526,0.0,0.0,0.0,8.75845728232072e-07,0.7287764770790849
3.714488304292491e-06,0.00793228723400122,2.8483468654547046e-06,2.8483468654547046e-06,0.0,8.661414388377864e-07,0.7288736287322195
0.00019563587094562982,0.41778026863657425,0.0001947793262726407,0.0001947793262726407,0.0,8.565446729891236e-07,0.7295969885059469
8.569448227900106e-06,0.018300050831241973,7.722393988572146e-06,7.722393988572146e-06,0.0,8.470542393279602e-07,0.7297552512619583
5.917510751518205e-05,0.1263684016371496,5.8337438555540835e-05,5.8337438555540835e-05,0.0,8.376689596412135e-07,0.7301723949734029
2.5183567819460504e-05,0.053779491858962795,2.435518015064407e-05,2.435518015064407e-05,0.0,8.283876688164327e-07,0.7304480397932522
3.682690568447848e-06,0.00786438319084698,2.8634813537836853e-06,2.8634813537836853e-06,0.0,8.192092146641628e-07,0.7305451763118984
2.9653343134881093e-05,0.06332469398879366,2.8843210677185192e-05,2.8843210677185192e-05,0.0,8.101324576959002e-07,0.7308438367012211
0.00016775658079139861,0.35824406357493344,0.00016695542452029673,0.00016695542452029673,0.0,8.011562711018883e-07,0.7315170557167009
9.165324964944413e-05,0.19572545195763916,9.086097010889286e-05,9.086097010889286e-05,0.0,7.922795405512773e-07,0.7320276909065918
5.950316065050649e-05,0.12706895888332562,5.8719659486447594e-05,5.8719659486447594e-05,0.0,7.835011640588974e-07,0.7324444523971052
2.529737563041828e-05,0.05402252836144599,2.4522555578566246e-05,2.4522555578566246e-05,0.0,7.748200518520321e-07,0.7327199298415267
3.6505461113950343e-06,0.007795738724789763,2.884310985202252e-06,2.884310985202252e-06,0.0,7.662351261927825e-07,0.7328170455305414
2.5307968490594132e-05,0.054045149407108556,2.455022316923827e-05,2.455022316923827e-05,0.0,7.577453213558627e-07,0.7330924953073721
0.00017296639062632391,0.3693696089151612,0.00017221704104293956,0.00017221704104293956,0.0,7.493495833843511e-07,0.733772260666329
7.410468699786676e-07,0.0015825050841418613,0.0,0.0,0.0,7.410468699786676e-07,0.733772260666329
7.328361504299608e-07,0.0015649710981597525,0.0,0.0,0.0,7.328361504299608e-07,0.733772260666329
7.247164054424715e-07,0.0015476313882909194,0.0,0.0,0.0,7.247164054424715e-07,0.733772260666329
7.166866269781025e-07,0.0015304838018706938,0.0,0.0,0.0,7.166866269781025e-07,0.733772260666329
3.246552284771894e-05,0.06933010184270524,3.175677702948473e-05,3.175677702948473e-05,0.0,7.087458182342133e-07,0.7340831960592993
3.337480101724213e-05,0.07127186475199475,3.2673908023864964e-05,3.2673908023864964e-05,0.0,7.008929933771669e-07,0.7343981996212755
3.75183153070519e-06,0.008012033668471768,3.058704353140656e-06,3.058704353140656e-06,0.0,6.931271775645343e-07,0.7344978834669224
6.854474067230498e-07,0.0014637724683761316,0.0,0.0,0.0,6.854474067230498e-07,0.7344978834669224
6.77852727437589e-07,0.0014475540359549616,0.0,0.0,0.0,6.77852727437589e-07,0.7344978834669224
6.703421969067592e-07,0.0014315153031417688,0.0,0.0,0.0,6.703421969067592e-07,0.7344978834669224
6.629148827430598e-07,0.0014156542788236824,0.0,0.0,0.0,6.629148827430598e-07,0.7344978834669224
6.55569862906269e-07,0.0013999689939844402,0.0,0.0,0.0,6.55569862906269e-07,0.7344978834669224
6.48306225592421e-07,0.0013844575014672965,0.0,0.0,0.0,6.48306225592421e-07,0.7344978834669224
3.541947656216272e-06,0.007563826798010704,2.90082458720451e-06,2.90082458720451e-06,0.0,6.41123069011762e-07,0.7345949826423352
6.340195014775674e-07,0.0013539482118887051,0.0,0.0,0.0,6.340195014775674e-07,0.7345949826423352
6.938496791421305e-06,0.01481715515381948,6.3115021502816164e-06,6.3115021502816164e-06,0.0,6.269946411396888e-07,0.7347371872001849
5.220936287441826e-06,0.011149305871969023,4.60088867154609e-06,4.60088867154609e-06,0.0,6.200476158957358e-07,0.7348589577215133
6.13177563324463e-07,0.0013094402672136167,0.0,0.0,0.0,6.13177563324463e-07,0.7348589577215133
6.063836305747473e-07,0.0012949318284720126,0.0,0.0,0.0,6.063836305747473e-07,0.7348589577215133
5.996649742101568e-07,0.0012805841423993722,0.0,0.0,0.0,5.996649742101568e-07,0.7348589577215133
5.930207601867466e-07,0.0012663954278954222,0.0,0.0,0.0,5.930207601867466e-07,0.7348589577215133
6.903248993564106e-06,0.014741883505596432,6.316798829888683e-06,6.316798829888683e-06,0.0,5.864501636754228e-07,0.7350011569826834
5.184728488869385e-06,0.01107198414287499,4.604776119874056e-06,4.604776119874056e-06,0.0,5.79952368995329e-07,0.7351229236165635
5.735265694806203e-07,0.0012247655969718208,0.0,0.0,0.0,5.735265694806203e-07,0.7351229236165635
5.671719674138487e-07,0.0012111953486032474,0.0,0.0,0.0,5.671719674138487e-07,0.7351229236165635
5.608877739371466e-07,0.0011977754577306248,0.0,0.0,0.0,5.608877739371466e-07,0.7351229236165635
5.546732089189987e-07,0.0011845042583836357,0.0,0.0,0.0,5.546732089189987e-07,0.7351229236165635
5.485275008654256e-07,0.0011713801030374146,0.0,0.0,0.0,5.485275008654256e-07,0.7351229236165635
5.424498868311645e-07,0.0011584013624228744,0.0,0.0,0.0,5.424498868311645e-07,0.7351229236165635
5.364396123530569e-07,0.0011455664253844557,0.0,0.0,0.0,5.364396123530569e-07,0.7351229236165635
5.304959312946167e-07,0.0011328736985482032,0.0,0.0,0.0,5.304959312946167e-07,0.7351229236165635
5.246181057794175e-07,0.0011203216061795123,0.0,0.0,0.0,5.246181057794175e-07,0.7351229236165635
5.18805406146683e-07,0.0011079085900882939,0.0,0.0,0.0,5.18805406146683e-07,0.7351229236165635
5.130571108180604e-07,0.0010956331093444703,0.0,0.0,0.0,5.130571108180604e-07,0.7351229236165635
5.073725061421896e-07,0.0010834936399460487,0.0,0.0,0.0,5.073725061421896e-07,0.7351229236165635
5.017508864613163e-07,0.0010714886749613778,0.0,0.0,0.0,5.017508864613163e-07,0.7351229236165635
4.961915538670425e-07,0.0010596167240075505,0.0,0.0,0.0,4.961915538670425e-07,0.7351229236165635
4.906938182669407e-07,0.00104787631339266,0.0,0.0,0.0,4.906938182669407e-07,0.7351229236165635
4.852569971180998e-07,0.0010362659855467867,0.0,0.0,0.0,4.852569971180998e-07,0.7351229236165635
4.798804154937386e-07,0.0010247842991642504,0.0,0.0,0.0,4.798804154937386e-07,0.7351229236165635
4.7456340597218376e-07,0.0010134298289665238,0.0,0.0,0.0,4.7456340597218376e-07,0.7351229236165635
4.693053084370291e-07,0.0010022011652754733,0.0,0.0,0.0,4.693053084370291e-07,0.7351229236165635
4.641054702103631e-07,0.0009910969142978652,0.0,0.0,0.0,4.641054702103631e-07,0.7351229236165635
4.589632457197013e-07,0.0009801156974141,0.0,0.0,0.0,4.589632457197013e-07,0.7351229236165635
4.538779966312134e-07,0.0009692561514627197,0.0,0.0,0.0,4.538779966312134e-07,0.7351229236165635
4.488490916498833e-07,0.000958516928313649,0.0,0.0,0.0,4.488490916498833e-07,0.7351229236165635
4.4387590647509967e-07,0.0009478966947733597,0.0,0.0,0.0,4.4387590647509967e-07,0.7351229236165635
4.389578237562475e-07,0.0009373941324900348,0.0,0.0,0.0,4.389578237562475e-07,0.7351229236165635
4.3409423293727657e-07,0.0009270079376216472,0.0,0.0,0.0,4.3409423293727657e-07,0.7351229236165635
4.292845302344972e-07,0.00091673682078854,0.0,0.0,0.0,4.292845302344972e-07,0.7351229236165635
4.245281185921712e-07,0.000906579506978593,0.0,0.0,0.0,4.245281185921712e-07,0.7351229236165635
4.198244075492852e-07,0.0008965347352627153,0.0,0.0,0.0,4.198244075492852e-07,0.7351229236165635
4.151728131729371e-07,0.0008866012586525942,0.0,0.0,0.0,4.151728131729371e-07,0.7351229236165635
4.105727579917229e-07,0.0008767778439584412,0.0,0.0,0.0,4.105727579917229e-07,0.7351229236165635
4.0602367099573657e-07,0.0008670632717889922,0.0,0.0,0.0,4.0602367099573657e-07,0.7351229236165635
4.015249874145255e-07,0.0008574563360773321,0.0,0.0,0.0,4.015249874145255e-07,0.7351229236165635
3.970761488059083e-07,0.0008479558442705642,0.0,0.0,0.0,3.970761488059083e-07,0.7351229236165635
3.9267660285613464e-07,0.0008385606169030525,0.0,0.0,0.0,3.9267660285613464e-07,0.7351229236165635
3.883258034464987e-07,0.0008292694877386738,0.0,0.0,0.0,3.883258034464987e-07,0.7351229236165635
3.8402321043129464e-07,0.0008200813032966429,0.0,0.0,0.0,3.8402321043129464e-07,0.7351229236165635
3.7976828972663415e-07,0.0008109949230411815,0.0,0.0,0.0,3.7976828972663415e-07,0.7351229236165635
3.7556051306619765e-07,0.0008020092188599251,0.0,0.0,0.0,3.7556051306619765e-07,0.7351229236165635
3.7139935813446103e-07,0.0007931230753484294,0.0,0.0,0.0,3.7139935813446103e-07,0.7351229236165635
3.672843083446509e-07,0.0007843353893359927,0.0,0.0,0.0,3.672843083446509e-07,0.7351229236165635
3.632148528831536e-07,0.0007756450699804928,0.0,0.0,0.0,3.632148528831536e-07,0.7351229236165635
3.591904865318796e-07,0.0007670510383890445,0.0,0.0,0.0,3.591904865318796e-07,0.7351229236165635
3.5521070971267223e-07,0.000758552227712836,0.0,0.0,0.0,3.5521070971267223e-07,0.7351229236165635
3.5127502839849e-07,0.000750147582957458,0.0,0.0,0.0,3.5127502839849e-07,0.7351229236165635
3.4738295398017985e-07,0.0007418360606983982,0.0,0.0,0.0,3.4738295398017985e-07,0.7351229236165635
3.4353400331088584e-07,0.0007336166291758761,0.0,0.0,0.0,3.4353400331088584e-07,0.7351229236165635
3.397276985950271e-07,0.0007254882680577554,0.0,0.0,0.0,3.397276985950271e-07,0.7351229236165635
3.359635672772754e-07,0.0007174499682024559,0.0,0.0,0.0,3.359635672772754e-07,0.7351229236165635
3.322411421091687e-07,0.0007095007318012064,0.0,0.0,0.0,3.322411421091687e-07,0.7351229236165635
3.285599609936796e-07,0.0007016395720461208,0.0,0.0,0.0,3.285599609936796e-07,0.7351229236165635
3.2491956691860224e-07,0.0006938655129879457,0.0,0.0,0.0,3.2491956691860224e-07,0.7351229236165635
3.213195080009612e-07,0.0006861775896308966,0.0,0.0,0.0,3.213195080009612e-07,0.7351229236165635
3.177593373093757e-07,0.0006785748475533151,0.0,0.0,0.0,3.177593373093757e-07,0.7351229236165635
3.1423861286405956e-07,0.00067105634290767,0.0,0.0,0.0,3.1423861286405956e-07,0.7351229236165635
3.107568976590258e-07,0.0006636211424679751,0.0,0.0,0.0,3.107568976590258e-07,0.7351229236165635
3.073137594178377e-07,0.0006562683231081953,0.0,0.0,0.0,3.073137594178377e-07,0.7351229236165635
3.039087707268351e-07,0.0006489969720867515,0.0,0.0,0.0,3.039087707268351e-07,0.7351229236165635
3.005415089019081e-07,0.0006418061867620158,0.0,0.0,0.0,3.005415089019081e-07,0.7351229236165635
2.9721155592188353e-07,0.0006346950744500593,0.0,0.0,0.0,2.9721155592188353e-07,0.7351229236165635
2.9391849840632036e-07,0.0006276627523772323,0.0,0.0,0.0,2.9391849840632036e-07,0.7351229236165635
2.906619275711009e-07,0.0006207083475853312,0.0,0.0,0.0,2.906619275711009e-07,0.7351229236165635
2.874414391174085e-07,0.0006138309966945097,0.0,0.0,0.0,2.874414391174085e-07,0.7351229236165635
2.8425663329834093e-07,0.0006070298460455311,0.0,0.0,0.0,2.8425663329834093e-07,0.7351229236165635
2.811071146968658e-07,0.000600304051225593,0.0,0.0,0.0,2.811071146968658e-07,0.7351229236165635
2.779924923812516e-07,0.0005936527774002504,0.0,0.0,0.0,2.779924923812516e-07,0.7351229236165635
2.7491237966081886e-07,0.0005870751987918215,0.0,0.0,0.0,2.7491237966081886e-07,0.7351229236165635
2.718663942191668e-07,0.000580570498963894,0.0,0.0,0.0,2.718663942191668e-07,0.7351229236165635
2.6885415789212884e-07,0.0005741378703471487,0.0,0.0,0.0,2.6885415789212884e-07,0.7351229236165635
2.658752967565903e-07,0.0005677765144290297,0.0,0.0,0.0,2.658752967565903e-07,0.7351229236165635
2.6292944099726157e-07,0.0005614856414692391,0.0,0.0,0.0,2.6292944099726157e-07,0.7351229236165635
2.6001622495108733e-07,0.0005552644705945721,0.0,0.0,0.0,2.6001622495108733e-07,0.7351229236165635
2.571352869518151e-07,0.000549112229466994,0.0,0.0,0.0,2.571352869518151e-07,0.7351229236165635
2.5428626937440413e-07,0.0005430281543784746,0.0,0.0,0.0,2.5428626937440413e-07,0.7351229236165635
2.514688185017988e-07,0.0005370114899664838,0.0,0.0,0.0,2.514688185017988e-07,0.7351229236165635
2.4868258463595083e-07,0.0005310614894510784,0.0,0.0,0.0,2.4868258463595083e-07,0.7351229236165635
2.459272218535702e-07,0.0005251774141133092,0.0,0.0,0.0,2.459272218535702e-07,0.7351229236165635
2.4320238813935194e-07,0.0005193585335797261,0.0,0.0,0.0,2.4320238813935194e-07,0.7351229236165635
2.4050774518613597e-07,0.0005136041253956202,0.0,0.0,0.0,2.4050774518613597e-07,0.7351229236165635
2.3784295852813388e-07,0.000507913475309529,0.0,0.0,0.0,2.3784295852813388e-07,0.7351229236165635
0.000544146515656849,1.162024512120038,0.0005439113079595079,0.0005439113079595079,0.0,2.3520769734108882e-07,0.7362260381086039
0.0005465553111352615,1.167168493217152,0.0005463227095007749,0.0005463227095007749,0.0,2.3260163448668438e-07,0.737328681999103
0.0005542184604744426,1.1835331433912246,0.0005539884360279967,0.0005539884360279967,0.0,2.3002444644593113e-07,0.738435046063075
2.2747581329696231e-07,0.00048577444375699265,0.0,0.0,0.0,2.2747581329696231e-07,0.738435046063075
2.249554186484204e-07,0.0004803921427083743,0.0,0.0,0.0,2.249554186484204e-07,0.738435046063075
2.2246294961725255e-07,0.0004750694767965638,0.0,0.0,0.0,2.2246294961725255e-07,0.738435046063075
2.1999809678430183e-07,0.0004698057852571633,0.0,0.0,0.0,2.1999809678430183e-07,0.738435046063075
2.175605541943071e-07,0.00046460041472292166,0.0,0.0,0.0,2.175605541943071e-07,0.738435046063075
2.151500192226763e-07,0.0004594527189392294,0.0,0.0,0.0,2.151500192226763e-07,0.738435046063075
2.1276619264209986e-07,0.0004543620589063716,0.0,0.0,0.0,2.1276619264209986e-07,0.738435046063075
2.1040877851152828e-07,0.0004493278026424395,0.0,0.0,0.0,2.1040877851152828e-07,0.738435046063075
2.080774841983768e-07,0.0004443493252307484,0.0,0.0,0.0,2.080774841983768e-07,0.738435046063075
2.0577202028970733e-07,0.0004394260086301668,0.0,0.0,0.0,2.0577202028970733e-07,0.738435046063075
2.0349210059222857e-07,0.0004345572416751169,0.0,0.0,0.0,2.0349210059222857e-07,0.738435046063075
2.0123744208788709e-07,0.000429742419980739,0.0,0.0,0.0,2.0123744208788709e-07,0.738435046063075
1.9900776484504946e-07,0.00042498094575322155,0.0,0.0,0.0,1.9900776484504946e-07,0.738435046063075
1.9680279212952458e-07,0.0004202722280268884,0.0,0.0,0.0,1.9680279212952458e-07,0.738435046063075
1.161148440027601e-05,0.02479631699733063,1.1416862150093491e-05,1.1416862150093491e-05,0.0,1.9462225018251902e-07,0.7386236292009247
1.924658683094549e-07,0.000411010730174541,0.0,0.0,0.0,1.924658683094549e-07,0.7386236292009247
1.0409355169191734e-05,0.02222917084631703,1.0219021790356173e-05,1.0219021790356173e-05,0.0,1.90333378835561e-07,0.7388022699791341
2.5191606003963617e-05,0.05379665739647302,2.5003381486924357e-05,2.5003381486924357e-05,0.0,1.8822451703925937e-07,0.7390772665976474
7.170908403683511e-05,0.15313469992891848,7.152294501570515e-05,7.152294501570515e-05,0.0,1.8613902112996074e-07,0.7395283844126315
1.8407663218145132e-07,0.00039309552215940636,0.0,0.0,0.0,1.8407663218145132e-07,0.7395283844126315
1.8203709422071058e-07,0.00038874009023879733,0.0,0.0,0.0,1.8203709422071058e-07,0.7395283844126315
1.8002015402807104e-07,0.00038443291583651685,0.0,0.0,0.0,1.8002015402807104e-07,0.7395283844126315
0.00019979871422581933,0.42667001761503665,0.0001996206886645933,0.0001996206886645933,0.0,1.780255612260362e-07,0.7402452772839668
0.0003469624826406122,0.7409381444402525,0.00034678642957239954,0.00034678642957239954,0.0,1.760530682126671e-07,0.7411529652543946
0.00015535586305450376,0.3317623393268988,0.0001551817606243644,0.0001551817606243644,0.0,1.7410243013937787e-07,0.74179230893377
4.543288201234388e-05,0.09702188847221123,4.5260708607521764e-05,4.5260708607521764e-05,0.0,1.7217340482211798e-07,0.7421548384651626
0.00045439354123414126,0.9703570966097639,0.00045422327548131107,0.00045422327548131107,0.0,1.7026575283018985e-07,0.7431660283896813
0.0007623313106324311,1.627957992604542,0.0007621629313951225,0.0007621629313951225,0.0,1.683792373086135e-07,0.744404536158286
0.0003100595516275143,0.662131960494499,0.00030989303800340294,0.00030989303800340294,0.0,1.6651362411135295e-07,0.7452631143202824
3.2626251495256597e-06,0.0069673337759622225,3.0979564679019787e-06,3.0979564679019787e-06,0.0,1.6466868162368088e-07,0.7453615751338144
5.399280359658353e-06,0.011530159516243022,5.236436178829561e-06,5.236436178829561e-06,0.0,1.628441808287917e-07,0.7454889694476358
9.24332294004548e-07,0.0019739109818260416,7.632923988077684e-07,7.632923988077684e-07,0.0,1.6103989519677953e-07,0.7455382061552369
1.5925560079566028e-07,0.00034009022660665714,0.0,0.0,0.0,1.5925560079566028e-07,0.7455382061552369
0.0007661613189504157,1.6361369727487947,0.0007660038278743241,0.0007660038278743241,0.0,1.5749107609153157e-07,0.7467728730273626
0.00031190910663879325,0.666081683956435,0.00031175336053675584,0.00031175336053675584,0.0,1.557461020373907e-07,0.7476295908668258
3.2766155371363715e-06,0.006997210239138843,3.1225950750854415e-06,3.1225950750854415e-06,0.0,1.5402046205093e-07,0.7477280270417508
5.430021425077881e-06,0.011595807040426943,5.2777074832187755e-06,5.2777074832187755e-06,0.0,1.5231394185910576e-07,0.7478553800842677
9.181460626841417e-07,0.0019607002890712063,7.67519733008368e-07,7.67519733008368e-07,0.0,1.5062632967577373e-07,0.7479045488705346
1.4895741595744028e-07,0.0003180984599261165,0.0,0.0,0.0,1.4895741595744028e-07,0.7479045488705346
1.4730699353648903e-07,0.0003145739839746665,0.0,0.0,0.0,1.4730699353648903e-07,0.7479045488705346
1.4567485753236298e-07,0.00031108855865384335,0.0,0.0,0.0,1.4567485753236298e-07,0.7479045488705346
1.4406080535156464e-07,0.00030764175132537143,0.0,0.0,0.0,1.4406080535156464e-07,0.7479045488705346
1.4246463662104247e-07,0.00030423313409273626,0.0,0.0,0.0,1.4246463662104247e-07,0.7479045488705346
1.408861531881911e-07,0.00030086228380118464,0.0,0.0,0.0,1.408861531881911e-07,0.7479045488705346
1.3932515907644216e-07,0.0002975287819428889,0.0,0.0,0.0,1.3932515907644216e-07,0.7479045488705346
1.377814605518779e-07,0.00029423221479919987,0.0,0.0,0.0,1.377814605518779e-07,0.7479045488705346
1.362548659677998e-07,0.0002909721731087241,0.0,0.0,0.0,1.362548659677998e-07,0.7479045488705346
1.3474518578693306e-07,0.0002877482521147408,0.0,0.0,0.0,1.3474518578693306e-07,0.7479045488705346
1.332522326480401e-07,0.0002845600517074554,0.0,0.0,0.0,1.332522326480401e-07,0.7479045488705346
1.3177582116608023e-07,0.00028140717599723985,0.0,0.0,0.0,1.3177582116608023e-07,0.7479045488705346
1.3031576810984548e-07,0.0002782892336939752,0.0,0.0,0.0,1.3031576810984548e-07,0.7479045488705346
1.2887189220212037e-07,0.00027520583768029166,0.0,0.0,0.0,1.2887189220212037e-07,0.7479045488705346
1.2744401420849982e-07,0.00027215660520123956,0.0,0.0,0.0,1.2744401420849982e-07,0.7479045488705346
1.2603195684857126e-07,0.0002691411576746193,0.0,0.0,0.0,1.2603195684857126e-07,0.7479045488705346
1.246355448847325e-07,0.0002661591208806511,0.0,0.0,0.0,1.246355448847325e-07,0.7479045488705346
1.2325460492235153e-07,0.0002632101245352169,0.0,0.0,0.0,1.2325460492235153e-07,0.7479045488705346
1.218889655651978e-07,0.0002602938026217835,0.0,0.0,0.0,1.218889655651978e-07,0.7479045488705346
1.20538457260011e-07,0.0002574097930594796,0.0,0.0,0.0,1.20538457260011e-07,0.7479045488705346
1.1920291236311443e-07,0.00025455773784534795,0.0,0.0,0.0,1.1920291236311443e-07,0.7479045488705346
1.1788216509600602e-07,0.000251737282959511,0.0,0.0,0.0,1.1788216509600602e-07,0.7479045488705346
1.1657605150094952e-07,0.00024894807827033496,0.0,0.0,0.0,1.1657605150094952e-07,0.7479045488705346
1.1528440941876994e-07,0.00024618977748701255,0.0,0.0,0.0,1.1528440941876994e-07,0.7479045488705346
1.1400707851105807e-07,0.00024346203820698058,0.0,0.0,0.0,1.1400707851105807e-07,0.7479045488705346
1.12743900237966e-07,0.00024076452186850216,0.0,0.0,0.0,1.12743900237966e-07,0.7479045488705346
1.1149471776938925e-07,0.00023809689356099644,0.0,0.0,0.0,1.1149471776938925e-07,0.7479045488705346
1.1025937602937575e-07,0.00023545882211987388,0.0,0.0,0.0,1.1025937602937575e-07,0.7479045488705346
1.0903772167392135e-07,0.00023284998007911837,0.0,0.0,0.0,1.0903772167392135e-07,0.7479045488705346
1.0782960304656087e-07,0.0002302700435764522,0.0,0.0,0.0,1.0782960304656087e-07,0.7479045488705346
1.0663487017836815e-07,0.0002277186923533362,0.0,0.0,0.0,1.0663487017836815e-07,0.7479045488705346
1.0545337474354711e-07,0.0002251956096601342,0.0,0.0,0.0,1.0545337474354711e-07,0.7479045488705346
1.0428497010384064e-07,0.0002227004823509484,0.0,0.0,0.0,1.0428497010384064e-07,0.7479045488705346
1.031295111753039e-07,0.0002202330005991138,0.0,0.0,0.0,1.031295111753039e-07,0.7479045488705346
1.0198685453932655e-07,0.00021779285813428611,0.0,0.0,0.0,1.0198685453932655e-07,0.7479045488705346
1.0085685835381498e-07,0.0002153797520527714,0.0,0.0,0.0,1.0085685835381498e-07,0.7479045488705346
9.973938233098779e-08,0.0002129933827701084,0.0,0.0,0.0,9.973938233098779e-08,0.7479045488705346
9.863428775958028e-08,0.00021063345406848618,0.0,0.0,0.0,9.863428775958028e-08,0.7479045488705346
9.754143746043554e-08,0.000208299673001909,0.0,0.0,0.0,9.754143746043554e-08,0.7479045488705346
9.646069574209549e-08,0.00020599174980136088,0.0,0.0,0.0,9.646069574209549e-08,0.7479045488705346
9.539192846741429e-08,0.00020370939801705857,0.0,0.0,0.0,9.539192846741429e-08,0.7479045488705346
9.433500296474052e-08,0.00020145233432878123,0.0,0.0,0.0,9.433500296474052e-08,0.7479045488705346
9.328978800571264e-08,0.0001992202784984525,0.0,0.0,0.0,9.328978800571264e-08,0.7479045488705346
9.225615384966802e-08,0.00019701295346497602,0.0,0.0,0.0,9.225615384966802e-08,0.7479045488705346
9.123397219923391e-08,0.00019483008524940007,0.0,0.0,0.0,9.123397219923391e-08,0.7479045488705346
9.022311613371415e-08,0.00019267140281266473,0.0,0.0,0.0,9.022311613371415e-08,0.7479045488705346
8.922346019790695e-08,0.00019053663824527233,0.0,0.0,0.0,8.922346019790695e-08,0.7479045488705346
8.823488026887817e-08,0.00018842552648278194,0.0,0.0,0.0,8.823488026887817e-08,0.7479045488705346
8.72572536447791e-08,0.00018633780549547952,0.0,0.0,0.0,8.72572536447791e-08,0.7479045488705346
8.629045893382427e-08,0.00018427321605129024,0.0,0.0,0.0,8.629045893382427e-08,0.7479045488705346
8.53343761653136e-08,0.00018223150195286606,0.0,0.0,0.0,8.53343761653136e-08,0.7479045488705346
8.438888663420131e-08,0.00018021240970566288,0.0,0.0,0.0,8.438888663420131e-08,0.7479045488705346
8.345387296770924e-08,0.00017821568866019323,0.0,0.0,0.0,8.345387296770924e-08,0.7479045488705346
8.252921908091793e-08,0.00017624109091719095,0.0,0.0,0.0,8.252921908091793e-08,0.7479045488705346
8.16148101989711e-08,0.0001742883713750289,0.0,0.0,0.0,8.16148101989711e-08,0.7479045488705346
8.071053283487118e-08,0.0001723572876823015,0.0,0.0,0.0,8.071053283487118e-08,0.7479045488705346
7.981627467845699e-08,0.0001704476000007362,0.0,0.0,0.0,7.981627467845699e-08,0.7479045488705346
7.893192477403943e-08,0.00016855907138453482,0.0,0.0,0.0,7.893192477403943e-08,0.7479045488705346
7.805737329835694e-08,0.00016669146730619743,0.0,0.0,0.0,7.805737329835694e-08,0.7479045488705346
7.719251169380215e-08,0.00016484455594102776,0.0,0.0,0.0,7.719251169380215e-08,0.7479045488705346
7.633723262401305e-08,0.000163018108072298,0.0,0.0,0.0,7.633723262401305e-08,0.7479045488705346
7.549142990725955e-08,0.00016121189694899625,0.0,0.0,0.0,7.549142990725955e-08,0.7479045488705346
7.465499851644353e-08,0.00015942569828582628,0.0,0.0,0.0,7.465499851644353e-08,0.7479045488705346
7.382783464571219e-08,0.00015765929040546038,0.0,0.0,0.0,7.382783464571219e-08,0.7479045488705346
7.300983562164021e-08,0.00015591245404886897,0.0,0.0,0.0,7.300983562164021e-08,0.7479045488705346
7.22008998810253e-08,0.00015418497232790303,0.0,0.0,0.0,7.22008998810253e-08,0.7479045488705346
7.140092699309264e-08,0.00015247663077271162,0.0,0.0,0.0,7.140092699309264e-08,0.7479045488705346
7.060981768169939e-08,0.0001507872173791596,0.0,0.0,0.0,7.060981768169939e-08,0.7479045488705346
6.982747371431231e-08,0.00014911652237173934,0.0,0.0,0.0,6.982747371431231e-08,0.7479045488705346
6.905379799082568e-08,0.0001474643383932415,0.0,0.0,0.0,6.905379799082568e-08,0.7479045488705346
6.82886944547434e-08,0.00014583046031508437,0.0,0.0,0.0,6.82886944547434e-08,0.7479045488705346
6.753206813758795e-08,0.00014421468533214906,0.0,0.0,0.0,6.753206813758795e-08,0.7479045488705346
9.969736838584394e-05,0.21290366201898112,9.963058456075166e-05,9.963058456075166e-05,0.0,6.678382509228698e-08,0.7484214318859739
2.5812016689128164e-05,0.05512154399043041,2.5745972816646173e-05,2.5745972816646173e-05,0.0,6.604387248199117e-08,0.7486955531531575
6.53121183802341e-08,0.00013947398414323087,0.0,0.0,0.0,6.53121183802341e-08,0.7486955531531575
6.458847201518125e-08,0.0001379286378254604,0.0,0.0,0.0,6.458847201518125e-08,0.7486955531531575
6.387284350317657e-08,0.0001364004136273919,0.0,0.0,0.0,6.387284350317657e-08,0.7486955531531575
6.316514404858253e-08,0.00013488912192600232,0.0,0.0,0.0,6.316514404858253e-08,0.7486955531531575
6.246528576614452e-08,0.00013339457504239044,0.0,0.0,0.0,6.246528576614452e-08,0.7486955531531575
6.177318179201308e-08,0.00013191658747886519,0.0,0.0,0.0,6.177318179201308e-08,0.7486955531531575
6.108874621713056e-08,0.00013045497577669266,0.0,0.0,0.0,6.108874621713056e-08,0.7486955531531575
6.041189406502668e-08,0.0001290095584686787,0.0,0.0,0.0,6.041189406502668e-08,0.7486955531531575
5.97425413140229e-08,0.0001275801561265862,0.0,0.0,0.0,5.97425413140229e-08,0.7486955531531575
5.9080604852823626e-08,0.00012616659126630025,0.0,0.0,0.0,5.9080604852823626e-08,0.7486955531531575
5.842600256933395e-08,0.00012476868853749835,0.0,0.0,0.0,5.842600256933395e-08,0.7486955531531575
5.777865312861508e-08,0.00012338627424947433,0.0,0.0,0.0,5.777865312861508e-08,0.7486955531531575
5.713847621713342e-08,0.00012201917689273207,0.0,0.0,0.0,5.713847621713342e-08,0.7486955531531575
5.650539236512486e-08,0.00012066722675964467,0.0,0.0,0.0,5.650539236512486e-08,0.7486955531531575
5.587932296879928e-08,0.00011933025599187208,0.0,0.0,0.0,5.587932296879928e-08,0.7486955531531575
5.526019029034046e-08,0.00011800809858036091,0.0,0.0,0.0,5.526019029034046e-08,0.7486955531531575
5.4647917524519585e-08,0.00011670059050759754,0.0,0.0,0.0,5.4647917524519585e-08,0.7486955531531575
5.4042428598855e-08,0.0001154075693208494,0.0,0.0,0.0,5.4042428598855e-08,0.7486955531531575
5.344364839565685e-08,0.00011412887460634121,0.0,0.0,0.0,5.344364839565685e-08,0.7486955531531575
5.285150257439142e-08,0.000112864347609914,0.0,0.0,0.0,5.285150257439142e-08,0.7486955531531575
5.226591763829447e-08,0.00011161383137927803,0.0,0.0,0.0,5.226591763829447e-08,0.7486955531531575
5.168682086775789e-08,0.00011037717062175989,0.0,0.0,0.0,5.168682086775789e-08,0.7486955531531575
5.11141403647386e-08,0.00010915421179913775,0.0,0.0,0.0,5.11141403647386e-08,0.7486955531531575
5.054780507496304e-08,0.00010794480317505898,0.0,0.0,0.0,5.054780507496304e-08,0.7486955531531575
4.998774469910927e-08,0.00010674879462536966,0.0,0.0,0.0,4.998774469910927e-08,0.7486955531531575
4.943388967060259e-08,0.00010556603759069707,0.0,0.0,0.0,4.943388967060259e-08,0.7486955531531575
4.888617126663775e-08,0.00010439638531353764,0.0,0.0,0.0,4.888617126663775e-08,0.7486955531531575
4.8344521474952275e-08,0.0001032396925537513,0.0,0.0,0.0,4.8344521474952275e-08,0.7486955531531575
4.7808873060439795e-08,0.00010209581573081442,0.0,0.0,0.0,4.7808873060439795e-08,0.7486955531531575
4.7279159565150054e-08,0.00010096461292381964,0.0,0.0,0.0,4.7279159565150054e-08,0.7486955531531575
4.675531517506215e-08,9.984594358697031e-05,0.0,0.0,0.0,4.675531517506215e-08,0.7486955531531575
4.6237274897720226e-08,9.873966892892143e-05,0.0,0.0,0.0,4.6237274897720226e-08,0.7486955531531575
4.5724974406802236e-08,9.76456515808562e-05,0.0,0.0,0.0,4.5724974406802236e-08,0.7486955531531575
4.521835010873332e-08,9.656375573873905e-05,0.0,0.0,0.0,4.521835010873332e-08,0.7486955531531575
4.471733912048137e-08,9.549384711589786e-05,0.0,0.0,0.0,4.471733912048137e-08,0.7486955531531575
3.084023021479858e-06,0.0065859290536412545,3.0398011422325057e-06,3.0398011422325057e-06,0.0,4.422187924735255e-08,0.7487925133520151
4.3731908982991285e-08,9.338946173108465e-05,0.0,0.0,0.0,4.3731908982991285e-08,0.7487925133520151
1.170805092498313e-05,0.025002534744814443,1.166480355747375e-05,1.166480355747375e-05,0.0,4.32473675093803e-08,0.7489796279784577
2.383562630880532e-05,0.050900963684625995,2.3792858114152888e-05,2.3792858114152888e-05,0.0,4.2768194652431646e-08,0.7492433369003435
4.229433094860014e-08,9.031951482159951e-05,0.0,0.0,0.0,4.229433094860014e-08,0.7492433369003435
4.182571757826992e-08,8.931879128967802e-05,0.0,0.0,0.0,4.182571757826992e-08,0.7492433369003435
3.0867928222007517e-06,0.006591843961186846,3.0454305258572018e-06,3.0454305258572018e-06,0.0,4.1362296343550044e-08,0.7493402914698177
4.0904009734887836e-08,8.735048482036174e-05,0.0,0.0,0.0,4.0904009734887836e-08,0.7493402914698177
1.1865912757770183e-05,0.02533964858079172,1.1825461956905728e-05,1.1825461956905728e-05,0.0,4.045080086445552e-08,0.7495284660078609
2.0618461504817602e-05,0.04403071044547612,2.057845889135145e-05,2.057845889135145e-05,0.0,4.00026134661502e-08,0.7497742128689697
3.955939191779834e-08,8.447905439136187e-05,0.0,0.0,0.0,3.955939191779834e-08,0.7497742128689697
3.912108117454239e-08,8.354304209883777e-05,0.0,0.0,0.0,3.912108117454239e-08,0.7497742128689697
3.868762683545413e-08,8.261740065409317e-05,0.0,0.0,0.0,3.868762683545413e-08,0.7497742128689697
3.825897507692133e-08,8.170201511684094e-05,0.0,0.0,0.0,3.825897507692133e-08,0.7497742128689697
3.783507271926112e-08,8.079677192190468e-05,0.0,0.0,0.0,3.783507271926112e-08,0.7497742128689697
3.741586711569767e-08,7.99015586421306e-05,0.0,0.0,0.0,3.741586711569767e-08,0.7497742128689697
3.700130624118003e-08,7.901626417805797e-05,0.0,0.0,0.0,3.700130624118003e-08,0.7497742128689697
3.65913386257688e-08,7.81407786156664e-05,0.0,0.0,0.0,3.65913386257688e-08,0.7497742128689697
3.618591335463606e-08,7.727499322637566e-05,0.0,0.0,0.0,3.618591335463606e-08,0.7497742128689697
3.578498015688325e-08,7.641880065671631e-05,0.0,0.0,0.0,3.578498015688325e-08,0.7497742128689697
3.538848920570104e-08,7.5572094501571e-05,0.0,0.0,0.0,3.538848920570104e-08,0.7497742128689697
3.499639129600496e-08,7.473476968351556e-05,0.0,0.0,0.0,3.499639129600496e-08,0.7497742128689697
3.4608637777822086e-08,7.390672231056606e-05,0.0,0.0,0.0,3.4608637777822086e-08,0.7497742128689697
3.4225180489677597e-08,7.308784953392594e-05,0.0,0.0,0.0,3.4225180489677597e-08,0.7497742128689697
3.3845971847412674e-08,7.227804973765657e-05,0.0,0.0,0.0,3.3845971847412674e-08,0.7497742128689697
3.3470964755366596e-08,7.147722234900671e-05,0.0,0.0,0.0,3.3470964755366596e-08,0.7497742128689697
3.310011267299018e-08,7.068526798066536e-05,0.0,0.0,0.0,3.310011267299018e-08,0.7497742128689697
3.273336957043682e-08,6.990208833592664e-05,0.0,0.0,0.0,3.273336957043682e-08,0.7497742128689697
3.237068992856251e-08,6.912758620868957e-05,0.0,0.0,0.0,3.237068992856251e-08,0.7497742128689697
3.2012028694516914e-08,6.83616653886231e-05,0.0,0.0,0.0,3.2012028694516914e-08,0.7497742128689697
3.165734134835674e-08,6.760423080341879e-05,0.0,0.0,0.0,3.165734134835674e-08,0.7497742128689697
3.130658390304575e-08,6.685518851879077e-05,0.0,0.0,0.0,3.130658390304575e-08,0.7497742128689697
3.0959712771228e-08,6.611444545397027e-05,0.0,0.0,0.0,3.0959712771228e-08,0.7497742128689697
3.06166848984546e-08,6.538190966621112e-05,0.0,0.0,0.0,3.06166848984546e-08,0.7497742128689697
3.027745771877477e-08,6.465749025595455e-05,0.0,0.0,0.0,3.027745771877477e-08,0.7497742128689697
2.994198913253143e-08,6.394109731941162e-05,0.0,0.0,0.0,2.994198913253143e-08,0.7497742128689697
2.961023746195224e-08,6.3232641853728e-05,0.0,0.0,0.0,2.961023746195224e-08,0.7497742128689697
2.9282161539967436e-08,6.253203594665435e-05,0.0,0.0,0.0,2.9282161539967436e-08,0.7497742128689697
2.8957720621392016e-08,6.1839192586876e-05,0.0,0.0,0.0,2.8957720621392016e-08,0.7497742128689697
2.8636874471743568e-08,6.115402585368323e-05,0.0,0.0,0.0,2.8636874471743568e-08,0.7497742128689697
2.831958323401551e-08,6.047645063246575e-05,0.0,0.0,0.0,2.831958323401551e-08,0.7497742128689697
2.8005807517494932e-08,5.980638280438308e-05,0.0,0.0,0.0,2.8005807517494932e-08,0.7497742128689697
2.7695508397762583e-08,5.9143739246364514e-05,0.0,0.0,0.0,2.7695508397762583e-08,0.7497742128689697
2.738864732787505e-08,5.848843764143875e-05,0.0,0.0,0.0,2.738864732787505e-08,0.7497742128689697
2.708518620497813e-08,5.78403966209867e-05,0.0,0.0,0.0,2.708518620497813e-08,0.7497742128689697
2.678508739251129e-08,5.719953581215907e-05,0.0,0.0,0.0,2.678508739251129e-08,0.7497742128689697
2.6488313609185357e-08,5.656577560078833e-05,0.0,0.0,0.0,2.6488313609185357e-08,0.7497742128689697
2.619482804000484e-08,5.593903736847678e-05,0.0,0.0,0.0,2.619482804000484e-08,0.7497742128689697
2.5904594225245604e-08,5.5319243255508466e-05,0.0,0.0,0.0,2.5904594225245604e-08,0.7497742128689697
2.5617576149272737e-08,5.4706316350519654e-05,0.0,0.0,0.0,2.5617576149272737e-08,0.7497742128689697
2.5333738196131607e-08,5.4100180595663566e-05,0.0,0.0,0.0,2.5333738196131607e-08,0.7497742128689697
2.505304508293449e-08,5.3500760644357606e-05,0.0,0.0,0.0,2.505304508293449e-08,0.7497742128689697
2.4775462015291794e-08,5.2907982193206595e-05,0.0,0.0,0.0,2.4775462015291794e-08,0.7497742128689697
2.4500954531880837e-08,5.23217716500795e-05,0.0,0.0,0.0,2.4500954531880837e-08,0.7497742128689697
2.42294885266503e-08,5.174205618152706e-05,0.0,0.0,0.0,2.42294885266503e-08,0.7497742128689697
2.396103031543362e-08,5.116876385503459e-05,0.0,0.0,0.0,2.396103031543362e-08,0.7497742128689697
2.369554656933559e-08,5.06018234967692e-05,0.0,0.0,0.0,2.369554656933559e-08,0.7497742128689697
2.343300433693685e-08,5.004116473899734e-05,0.0,0.0,0.0,2.343300433693685e-08,0.7497742128689697
2.3173371022089386e-08,4.948671797266724e-05,0.0,0.0,0.0,2.3173371022089386e-08,0.7497742128689697
2.291661440612103e-08,4.89384143948265e-05,0.0,0.0,0.0,2.291661440612103e-08,0.7497742128689697
2.266270260342651e-08,4.839618591378688e-05,0.0,0.0,0.0,2.266270260342651e-08,0.7497742128689697
2.2411604083671935e-08,4.785996519654189e-05,0.0,0.0,0.0,2.2411604083671935e-08,0.7497742128689697
2.2163287693999224e-08,4.7329685716184416e-05,0.0,0.0,0.0,2.2163287693999224e-08,0.7497742128689697
2.191772261461722e-08,4.680528165707152e-05,0.0,0.0,0.0,2.191772261461722e-08,0.7497742128689697
2.1674878336597203e-08,4.628668786740678e-05,0.0,0.0,0.0,2.1674878336597203e-08,0.7497742128689697
2.143472475069075e-08,4.577384004891077e-05,0.0,0.0,0.0,2.143472475069075e-08,0.7497742128689697
2.1197231991898493e-08,4.526667442489774e-05,0.0,0.0,0.0,2.1197231991898493e-08,0.7497742128689697
2.096237063931028e-08,4.476512816703422e-05,0.0,0.0,0.0,2.096237063931028e-08,0.7497742128689697
2.0730111494060567e-08,4.4269138921162774e-05,0.0,0.0,0.0,2.0730111494060567e-08,0.7497742128689697
2.050042573475963e-08,4.377864513922536e-05,0.0,0.0,0.0,2.050042573475963e-08,0.7497742128689697
2.0273284850880204e-08,4.329358593701051e-05,0.0,0.0,0.0,2.0273284850880204e-08,0.7497742128689697
2.0048660642757456e-08,4.281390109415324e-05,0.0,0.0,0.0,2.0048660642757456e-08,0.7497742128689697
1.982652522158901e-08,4.233953105413515e-05,0.0,0.0,0.0,1.982652522158901e-08,0.7497742128689697
1.9606851031639394e-08,4.187041697170198e-05,0.0,0.0,0.0,1.9606851031639394e-08,0.7497742128689697
1.9389610805831126e-08,4.1406500618028426e-05,0.0,0.0,0.0,1.9389610805831126e-08,0.7497742128689697
1.9174777543540245e-08,4.094772433330045e-05,0.0,0.0,0.0,1.9174777543540245e-08,0.7497742128689697
1.896232459941416e-08,4.049403121638585e-05,0.0,0.0,0.0,1.896232459941416e-08,0.7497742128689697
1.8752225594553807e-08,4.004536493516368e-05,0.0,0.0,0.0,1.8752225594553807e-08,0.7497742128689697
1.8544454438718107e-08,3.960166977394197e-05,0.0,0.0,0.0,1.8544454438718107e-08,0.7497742128689697
1.8338985352528427e-08,3.916289068087529e-05,0.0,0.0,0.0,1.8338985352528427e-08,0.7497742128689697
1.8135792845264122e-08,3.872897322054709e-05,0.0,0.0,0.0,1.8135792845264122e-08,0.7497742128689697
1.793485164824915e-08,3.8299863431717014e-05,0.0,0.0,0.0,1.793485164824915e-08,0.7497742128689697
1.7736136848078842e-08,3.7875508111826376e-05,0.0,0.0,0.0,1.7736136848078842e-08,0.7497742128689697
1.7539623775597592e-08,3.745585457991028e-05,0.0,0.0,0.0,1.7539623775597592e-08,0.7497742128689697
1.7345288028103312e-08,3.7040850724015096e-05,0.0,0.0,0.0,1.7345288028103312e-08,0.7497742128689697
1.7153105491551912e-08,3.663044504861615e-05,0.0,0.0,0.0,1.7153105491551912e-08,0.7497742128689697
1.6963052296148362e-08,3.622458657978248e-05,0.0,0.0,0.0,1.6963052296148362e-08,0.7497742128689697
1.677510486075562e-08,3.582322496001206e-05,0.0,0.0,0.0,1.677510486075562e-08,0.7497742128689697
1.6589239848485705e-08,3.542631035339656e-05,0.0,0.0,0.0,1.6589239848485705e-08,0.7497742128689697
1.6405434166699707e-08,3.503379344562138e-05,0.0,0.0,0.0,1.6405434166699707e-08,0.7497742128689697
1.622366503362116e-08,3.464562558621845e-05,0.0,0.0,0.0,1.622366503362116e-08,0.7497742128689697
1.6043909867313744e-08,3.4261758551478205e-05,0.0,0.0,0.0,1.6043909867313744e-08,0.7497742128689697
1.5866146352294663e-08,3.388214468670239e-05,0.0,0.0,0.0,1.5866146352294663e-08,0.7497742128689697
1.569035243953465e-08,3.350673690620409e-05,0.0,0.0,0.0,1.569035243953465e-08,0.7497742128689697
1.551650627984458e-08,3.3135488551054836e-05,0.0,0.0,0.0,1.551650627984458e-08,0.7497742128689697
1.534458629048885e-08,3.276835353133755e-05,0.0,0.0,0.0,1.534458629048885e-08,0.7497742128689697
1.517457115518539e-08,3.240528632614641e-05,0.0,0.0,0.0,1.517457115518539e-08,0.7497742128689697
1.5006439757492274e-08,3.204624184133415e-05,0.0,0.0,0.0,1.5006439757492274e-08,0.7497742128689697
1.4840171225216637e-08,3.169117550434715e-05,0.0,0.0,0.0,1.4840171225216637e-08,0.7497742128689697
1.467574490821022e-08,3.134004321680795e-05,0.0,0.0,0.0,1.467574490821022e-08,0.7497742128689697
1.4513140400573832e-08,3.099280140193277e-05,0.0,0.0,0.0,1.4513140400573832e-08,0.7497742128689697
1.4352337540657345e-08,3.0649407004531536e-05,0.0,0.0,0.0,1.4352337540657345e-08,0.7497742128689697
1.4193316322241856e-08,3.0309817301337476e-05,0.0,0.0,0.0,1.4193316322241856e-08,0.7497742128689697
1.4036057049970908e-08,2.997399023293033e-05,0.0,0.0,0.0,1.4036057049970908e-08,0.7497742128689697
1.3880540161714805e-08,2.964188402439552e-05,0.0,0.0,0.0,1.3880540161714805e-08,0.7497742128689697
1.3726746384001844e-08,2.9313457517247394e-05,0.0,0.0,0.0,1.3726746384001844e-08,0.7497742128689697
1.3574656620995995e-08,2.8988669932341177e-05,0.0,0.0,0.0,1.3574656620995995e-08,0.7497742128689697
1.3424251976701385e-08,2.8667480917290588e-05,0.0,0.0,0.0,1.3424251976701385e-08,0.7497742128689697
1.3275513777166738e-08,2.8349850593885456e-05,0.0,0.0,0.0,1.3275513777166738e-08,0.7497742128689697
1.3128423592689842e-08,2.8035739605509305e-05,0.0,0.0,0.0,1.3128423592689842e-08,0.7497742128689697
1.2982963126795256e-08,2.7725108880051344e-05,0.0,0.0,0.0,1.2982963126795256e-08,0.7497742128689697
1.2839114327256596e-08,2.7417919866994467e-05,0.0,0.0,0.0,1.2839114327256596e-08,0.7497742128689697
1.2696859341687627e-08,2.7114134442580083e-05,0.0,0.0,0.0,1.2696859341687627e-08,0.7497742128689697
1.255618053974672e-08,2.6813714957225695e-05,0.0,0.0,0.0,1.255618053974672e-08,0.7497742128689697
1.2417060424319005e-08,2.6516624045854463e-05,0.0,0.0,0.0,1.2417060424319005e-08,0.7497742128689697
1.2279481720334219e-08,2.6222824817565648e-05,0.0,0.0,0.0,1.2279481720334219e-08,0.7497742128689697
1.2143427374766702e-08,2.5932280855634625e-05,0.0,0.0,0.0,1.2143427374766702e-08,0.7497742128689697
1.2008880467817562e-08,2.5644956027842416e-05,0.0,0.0,0.0,1.2008880467817562e-08,0.7497742128689697
1.1875824346141428e-08,2.536081477098137e-05,0.0,0.0,0.0,1.1875824346141428e-08,0.7497742128689697
1.1744242445210774e-08,2.507982171151429e-05,0.0,0.0,0.0,1.1744242445210774e-08,0.7497742128689697
1.1614118444747135e-08,2.4801941997497663e-05,0.0,0.0,0.0,1.1614118444747135e-08,0.7497742128689697
1.1485436179903275e-08,2.452714110891128e-05,0.0,0.0,0.0,1.1485436179903275e-08,0.7497742128689697
1.135817970787656e-08,2.4255384999911004e-05,0.0,0.0,0.0,1.135817970787656e-08,0.7497742128689697
1.1232333219091118e-08,2.3986639909158384e-05,0.0,0.0,0.0,1.1232333219091118e-08,0.7497742128689697
1.1107881081606763e-08,2.3720872454655833e-05,0.0,0.0,0.0,1.1107881081606763e-08,0.7497742128689697
1.0984807841118993e-08,2.3458049633746655e-05,0.0,0.0,0.0,1.0984807841118993e-08,0.7497742128689697
1.086309824316345e-08,2.3198138870532644e-05,0.0,0.0,0.0,1.086309824316345e-08,0.7497742128689697
1.0742737166502537e-08,2.2941107873621253e-05,0.0,0.0,0.0,1.0742737166502537e-08,0.7497742128689697
1.0623709645329883e-08,2.268692468354321e-05,0.0,0.0,0.0,1.0623709645329883e-08,0.7497742128689697
1.050600095808818e-08,2.2435557862422948e-05,0.0,0.0,0.0,1.050600095808818e-08,0.7497742128689697
1.0389596427629045e-08,2.218697606722013e-05,0.0,0.0,0.0,1.0389596427629045e-08,0.7497742128689697
1.0274481665462077e-08,2.194114857132334e-05,0.0,0.0,0.0,1.0274481665462077e-08,0.7497742128689697
1.0160642327505798e-08,2.169804474295639e-05,0.0,0.0,0.0,1.0160642327505798e-08,0.7497742128689697
1.0048064336132257e-08,2.1457634519354432e-05,0.0,0.0,0.0,1.0048064336132257e-08,0.7497742128689697
9.93673365812242e-09,2.1219887932587796e-05,0.0,0.0,0.0,9.93673365812242e-09,0.7497742128689697
9.826636526710786e-09,2.0984775583738174e-05,0.0,0.0,0.0,9.826636526710786e-09,0.7497742128689697
9.717759241745229e-09,2.0752268216140067e-05,0.0,0.0,0.0,9.717759241745229e-09,0.7497742128689697
9.610088302913767e-09,2.0522336999886467e-05,0.0,0.0,0.0,9.610088302913767e-09,0.7497742128689697
9.503610343131186e-09,2.0294953389576046e-05,0.0,0.0,0.0,9.503610343131186e-09,0.7497742128689697
9.398312128539033e-09,2.0070089124313123e-05,0.0,0.0,0.0,9.398312128539033e-09,0.7497742128689697
9.294180602914538e-09,1.98477163225429e-05,0.0,0.0,0.0,9.294180602914538e-09,0.7497742128689697
9.191202821057232e-09,1.962780733979862e-05,0.0,0.0,0.0,9.191202821057232e-09,0.7497742128689697
9.089366015402335e-09,1.9410334910954437e-05,0.0,0.0,0.0,9.089366015402335e-09,0.7497742128689697
8.988657551611824e-09,1.9195272055390136e-05,0.0,0.0,0.0,8.988657551611824e-09,0.7497742128689697
8.889064928574442e-09,1.8982592076991173e-05,0.0,0.0,0.0,8.889064928574442e-09,0.7497742128689697
8.790575756201236e-09,1.8772268516731066e-05,0.0,0.0,0.0,8.790575756201236e-09,0.7497742128689697
8.693177844243394e-09,1.856427534234181e-05,0.0,0.0,0.0,8.693177844243394e-09,0.7497742128689697
8.596859069065489e-09,1.8358586663808237e-05,0.0,0.0,0.0,8.596859069065489e-09,0.7497742128689697
8.501607484667773e-09,1.815517697045606e-05,0.0,0.0,0.0,8.501607484667773e-09,0.7497742128689697
8.407411278277267e-09,1.795402103611665e-05,0.0,0.0,0.0,8.407411278277267e-09,0.7497742128689697
8.314258748143289e-09,1.7755093871709436e-05,0.0,0.0,0.0,8.314258748143289e-09,0.7497742128689697
8.222138325741924e-09,1.7558370772659506e-05,0.0,0.0,0.0,8.222138325741924e-09,0.7497742128689697
8.131038575776018e-09,1.7363827318897603e-05,0.0,0.0,0.0,8.131038575776018e-09,0.7497742128689697
8.04094819617518e-09,1.7171439374860133e-05,0.0,0.0,0.0,8.04094819617518e-09,0.7497742128689697
7.951856018095783e-09,1.6981183089489176e-05,0.0,0.0,0.0,7.951856018095783e-09,0.7497742128689697
7.86375093930758e-09,1.679303475397962e-05,0.0,0.0,0.0,7.86375093930758e-09,0.7497742128689697
7.776622057420469e-09,1.6606971086284864e-05,0.0,0.0,0.0,7.776622057420469e-09,0.7497742128689697
7.690458558862191e-09,1.6422968994028743e-05,0.0,0.0,0.0,7.690458558862191e-09,0.7497742128689697
7.605249718878327e-09,1.624100557450553e-05,0.0,0.0,0.0,7.605249718878327e-09,0.7497742128689697
7.520984990350144e-09,1.6061058304350372e-05,0.0,0.0,0.0,7.520984990350144e-09,0.7497742128689697
7.437653892772289e-09,1.5883104802451263e-05,0.0,0.0,0.0,7.437653892772289e-09,0.7497742128689697
7.355246101070634e-09,1.5707123019619462e-05,0.0,0.0,0.0,7.355246101070634e-09,0.7497742128689697
7.273751356784431e-09,1.5533091048919054e-05,0.0,0.0,0.0,7.273751356784431e-09,0.7497742128689697
7.193159556884155e-09,1.5360987315337395e-05,0.0,0.0,0.0,7.193159556884155e-09,0.7497742128689697
7.1134607093625846e-09,1.5190790480949898e-05,0.0,0.0,0.0,7.1134607093625846e-09,0.7497742128689697
7.034644911030342e-09,1.5022479397502416e-05,0.0,0.0,0.0,7.034644911030342e-09,0.7497742128689697
6.956702369720347e-09,1.4856033153828852e-05,0.0,0.0,0.0,6.956702369720347e-09,0.7497742128689697
6.879623426492287e-09,1.4691431123268762e-05,0.0,0.0,0.0,6.879623426492287e-09,0.7497742128689697
6.8033984890192306e-09,1.4528652821414548e-05,0.0,0.0,0.0,6.8033984890192306e-09,0.7497742128689697
6.728018120405466e-09,1.4367678095781872e-05,0.0,0.0,0.0,6.728018120405466e-09,0.7497742128689697
3.057559557449567e-06,0.0065294163442992026,3.0509060844991984e-06,3.0509060844991984e-06,0.0,6.6534729503686664e-09,0.7498711619628854
3.1288260965608093e-06,0.006681605989842113,3.1222463428411606e-06,3.1222463428411606e-06,0.0,6.579753719648807e-09,0.7499692034765426
6.5068512800081635e-09,1.3895376459338285e-05,0.0,0.0,0.0,6.5068512800081635e-09,0.7499692034765426
6.434756594231317e-09,1.3741418307157233e-05,0.0,0.0,0.0,6.434756594231317e-09,0.7499692034765426
6.363460713920688e-09,1.3589166003503093e-05,0.0,0.0,0.0,6.363460713920688e-09,0.7499692034765426
6.29295475729208e-09,1.3438600581331795e-05,0.0,0.0,0.0,6.29295475729208e-09,0.7499692034765426
3.059145433236316e-06,0.006532802980957449,3.052922203216119e-06,3.052922203216119e-06,0.0,6.22323002019698e-09,0.7500661505543393
3.130463806383656e-06,0.0066851033180490025,3.124309528585169e-06,3.124309528585169e-06,0.0,6.154277798486874e-09,0.7501641900048109
6.086089565648934e-09,1.2996840106023826e-05,0.0,0.0,0.0,6.086089565648934e-09,0.7501641900048109
6.018656839579251e-09,1.285283756560976e-05,0.0,0.0,0.0,6.018656839579251e-09,0.7501641900048109
5.9519712491962196e-09,1.271043053294368e-05,0.0,0.0,0.0,5.9519712491962196e-09,0.7501641900048109
5.8860245344405376e-09,1.2569601368674592e-05,0.0,0.0,0.0,5.8860245344405376e-09,0.7501641900048109
5.820808501866281e-09,1.2430332575704326e-05,0.0,0.0,0.0,5.820808501866281e-09,0.7501641900048109
5.756315024640913e-09,1.2292606799187559e-05,0.0,0.0,0.0,5.756315024640913e-09,0.7501641900048109
5.692536153567574e-09,1.215640706361983e-05,0.0,0.0,0.0,5.692536153567574e-09,0.7501641900048109
5.629463917244948e-09,1.2021716346079083e-05,0.0,0.0,0.0,5.629463917244948e-09,0.7501641900048109
5.567090521907403e-09,1.1888518002984133e-05,0.0,0.0,0.0,5.567090521907403e-09,0.7501641900048109
5.505408218198227e-09,1.175679548558903e-05,0.0,0.0,0.0,5.505408218198227e-09,0.7501641900048109
5.444409323374089e-09,1.1626532387400636e-05,0.0,0.0,0.0,5.444409323374089e-09,0.7501641900048109
5.384086310122882e-09,1.1497712633849096e-05,0.0,0.0,0.0,5.384086310122882e-09,0.7501641900048109
