forcing_file=BMI
surface_partitioning_scheme=Schaake
soil_params.depth=2.0[m]
soil_params.b=3.880831003189087[]
soil_params.satdk=2.129518398099628e-06[m s-1]
soil_params.satpsi=0.0796403672947724[m]
soil_params.slop=0.1945183434997236[m/m]
soil_params.smcmax=0.4642681875453358[m/m]
soil_params.wltsmc=0.0686308262522264[m/m]
soil_params.expon=4.0[]
soil_params.expon_secondary=0.005[]
max_gw_storage=159.259567261[m]
Cgw=0.0018[m h-1]
expon=6.0[]
gw_storage=0.05[m/m]
alpha_fc=0.33
soil_storage=0.05[m/m]
K_nash=0.03[]
K_lf=0.01[]
nash_storage=0.0,0.0
giuh_ordinates=1.00,0.00
num_timesteps=1
verbosity=1
DEBUG=0
refkdt=3.05031379795967
