forcing_file=BMI
surface_partitioning_scheme=Schaake
soil_params.depth=2.0[m]
soil_params.b=3.503835916519165[]
soil_params.satdk=1.697708116916038e-07[m s-1]
soil_params.satpsi=0.0280993606766749[m]
soil_params.slop=0.198250098014565[m/m]
soil_params.smcmax=0.4569170743443662[m/m]
soil_params.wltsmc=0.0497596289470036[m/m]
soil_params.expon=4.0[]
soil_params.expon_secondary=0.005[]
max_gw_storage=159.259567261[m]
Cgw=0.0018[m h-1]
expon=6.0[]
gw_storage=0.05[m/m]
alpha_fc=0.33
soil_storage=0.05[m/m]
K_nash=0.03[]
K_lf=0.01[]
nash_storage=0.0,0.0
giuh_ordinates=1.00,0.00
num_timesteps=1
verbosity=1
DEBUG=0
refkdt=3.0940520100017026
