forcing_file=BMI
surface_partitioning_scheme=Schaake
soil_params.depth=2.0[m]
soil_params.b=15.293272972106934[]
soil_params.satdk=1.9374317725061284e-06[m s-1]
soil_params.satpsi=0.0893689658847632[m]
soil_params.slop=0.0281476169795845[m/m]
soil_params.smcmax=0.5005395904457666[m/m]
soil_params.wltsmc=0.1379999965429306[m/m]
soil_params.expon=6.0[]
soil_params.expon_secondary=0.005[]
max_gw_storage=91.037696838[m]
Cgw=0.0018[m h-1]
expon=6.0[]
gw_storage=0.05[m/m]
alpha_fc=0.33
soil_storage=0.05[m/m]
K_nash=0.03[]
K_lf=0.01[]
nash_storage=0.0,0.0
giuh_ordinates=1.00,0.00
num_timesteps=1
verbosity=1
DEBUG=0
refkdt=1.6397324497976218
