forcing_file=BMI
surface_partitioning_scheme=Schaake
soil_params.depth=2.0[m]
soil_params.b=21.581951141357425[]
soil_params.satdk=5.150148504078346e-07[m s-1]
soil_params.satpsi=0.0439261562927159[m]
soil_params.slop=0.3542301654815674[m/m]
soil_params.smcmax=0.5220785248194404[m/m]
soil_params.wltsmc=0.1369268867661688[m/m]
soil_params.expon=5.0[]
soil_params.expon_secondary=0.005[]
max_gw_storage=48.480583191[m]
Cgw=0.0018[m h-1]
expon=6.0[]
gw_storage=0.05[m/m]
alpha_fc=0.33
soil_storage=0.05[m/m]
K_nash=0.03[]
K_lf=0.01[]
nash_storage=0.0,0.0
giuh_ordinates=1.00,0.00
num_timesteps=1
verbosity=1
DEBUG=0
refkdt=0.527377426624298
