forcing_file=BMI
surface_partitioning_scheme=Schaake
soil_params.depth=2.0[m]
soil_params.b=15.293272972106934[]
soil_params.satdk=9.72216149068999e-08[m s-1]
soil_params.satpsi=0.0288891108219122[m]
soil_params.slop=0.0341180155428636[m/m]
soil_params.smcmax=0.5013929664199822[m/m]
soil_params.wltsmc=0.1379797216909669[m/m]
soil_params.expon=6.0[]
soil_params.expon_secondary=0.005[]
max_gw_storage=91.037696838[m]
Cgw=0.0018[m h-1]
expon=6.0[]
gw_storage=0.05[m/m]
alpha_fc=0.33
soil_storage=0.05[m/m]
K_nash=0.03[]
K_lf=0.01[]
nash_storage=0.0,0.0
giuh_ordinates=1.00,0.00
num_timesteps=1
verbosity=1
DEBUG=0
refkdt=1.6463643418831966
