forcing_file=BMI
surface_partitioning_scheme=Schaake
soil_params.depth=2.0[m]
soil_params.b=12.574156761169434[]
soil_params.satdk=1.1441213630308985e-07[m s-1]
soil_params.satpsi=0.1023972527606534[m]
soil_params.slop=0.1143267899751663[m/m]
soil_params.smcmax=0.5171819045764974[m/m]
soil_params.wltsmc=0.1161594850756152[m/m]
soil_params.expon=5.0[]
soil_params.expon_secondary=0.005[]
max_gw_storage=54.152549744[m]
Cgw=0.0018[m h-1]
expon=6.0[]
gw_storage=0.05[m/m]
alpha_fc=0.33
soil_storage=0.05[m/m]
K_nash=0.03[]
K_lf=0.01[]
nash_storage=0.0,0.0
giuh_ordinates=1.00,0.00
num_timesteps=1
verbosity=1
DEBUG=0
refkdt=2.110424757003784
