forcing_file=BMI
surface_partitioning_scheme=Schaake
soil_params.depth=2.0[m]
soil_params.b=8.580395698547363[]
soil_params.satdk=1.122312184021439e-06[m s-1]
soil_params.satpsi=0.0195733146582832[m]
soil_params.slop=0.0622675427691028[m/m]
soil_params.smcmax=0.4946455964487123[m/m]
soil_params.wltsmc=0.1178181092633894[m/m]
soil_params.expon=7.0[]
soil_params.expon_secondary=0.005[]
max_gw_storage=13.100178719[m]
Cgw=0.0018[m h-1]
expon=6.0[]
gw_storage=0.05[m/m]
alpha_fc=0.33
soil_storage=0.05[m/m]
K_nash=0.03[]
K_lf=0.01[]
nash_storage=0.0,0.0
giuh_ordinates=1.00,0.00
num_timesteps=1
verbosity=1
DEBUG=0
refkdt=2.03447381369005
