forcing_file=BMI
surface_partitioning_scheme=Schaake
soil_params.depth=2.0[m]
soil_params.b=17.776193618774414[]
soil_params.satdk=1.6196498379377654e-07[m s-1]
soil_params.satpsi=0.0481274084016018[m]
soil_params.slop=0.0970416256792098[m/m]
soil_params.smcmax=0.5154114462839019[m/m]
soil_params.wltsmc=0.137022754479798[m/m]
soil_params.expon=5.0[]
soil_params.expon_secondary=0.005[]
max_gw_storage=54.152549744[m]
Cgw=0.0018[m h-1]
expon=6.0[]
gw_storage=0.05[m/m]
alpha_fc=0.33
soil_storage=0.05[m/m]
K_nash=0.03[]
K_lf=0.01[]
nash_storage=0.0,0.0
giuh_ordinates=1.00,0.00
num_timesteps=1
verbosity=1
DEBUG=0
refkdt=2.0160168672539203
