forcing_file=BMI
surface_partitioning_scheme=Schaake
soil_params.depth=2.0[m]
soil_params.b=5.513718128204346[]
soil_params.satdk=3.859414643563558e-07[m s-1]
soil_params.satpsi=0.0197072256499633[m]
soil_params.slop=0.0579664271601706[m/m]
soil_params.smcmax=0.4632706925622566[m/m]
soil_params.wltsmc=0.0566852738719052[m/m]
soil_params.expon=7.0[]
soil_params.expon_secondary=0.005[]
max_gw_storage=13.100178719[m]
Cgw=0.0018[m h-1]
expon=6.0[]
gw_storage=0.05[m/m]
alpha_fc=0.33
soil_storage=0.05[m/m]
K_nash=0.03[]
K_lf=0.01[]
nash_storage=0.0,0.0
giuh_ordinates=1.00,0.00
num_timesteps=1
verbosity=1
DEBUG=0
refkdt=2.00084585232708
