forcing_file=BMI
surface_partitioning_scheme=Schaake
soil_params.depth=2.0[m]
soil_params.b=4.978099346160889[]
soil_params.satdk=3.444323844629425e-06[m s-1]
soil_params.satpsi=0.0600695914699896[m]
soil_params.slop=0.0649778086696514[m/m]
soil_params.smcmax=0.4622390012223488[m/m]
soil_params.wltsmc=0.0538886131559265[m/m]
soil_params.expon=7.0[]
soil_params.expon_secondary=0.005[]
max_gw_storage=13.100178719[m]
Cgw=0.0018[m h-1]
expon=6.0[]
gw_storage=0.05[m/m]
alpha_fc=0.33
soil_storage=0.05[m/m]
K_nash=0.03[]
K_lf=0.01[]
nash_storage=0.0,0.0
giuh_ordinates=1.00,0.00
num_timesteps=1
verbosity=1
DEBUG=0
refkdt=2.0556638316467293
