forcing_file=BMI
surface_partitioning_scheme=Schaake
soil_params.depth=2.0[m]
soil_params.b=15.293272972106934[]
soil_params.satdk=9.433877829044368e-07[m s-1]
soil_params.satpsi=0.1053565908570432[m]
soil_params.slop=0.0354504485247269[m/m]
soil_params.smcmax=0.5011639579462758[m/m]
soil_params.wltsmc=0.1379999965429306[m/m]
soil_params.expon=6.0[]
soil_params.expon_secondary=0.005[]
max_gw_storage=91.037696838[m]
Cgw=0.0018[m h-1]
expon=6.0[]
gw_storage=0.05[m/m]
alpha_fc=0.33
soil_storage=0.05[m/m]
K_nash=0.03[]
K_lf=0.01[]
nash_storage=0.0,0.0
giuh_ordinates=1.00,0.00
num_timesteps=1
verbosity=1
DEBUG=0
refkdt=1.669983833560134
