forcing_file=BMI
surface_partitioning_scheme=Schaake
soil_params.depth=2.0[m]
soil_params.b=3.880831003189087[]
soil_params.satdk=3.522211302881262e-07[m s-1]
soil_params.satpsi=0.039048588680835[m]
soil_params.slop=0.1947492631092861[m/m]
soil_params.smcmax=0.4621231351437807[m/m]
soil_params.wltsmc=0.0658273993322013[m/m]
soil_params.expon=4.0[]
soil_params.expon_secondary=0.005[]
max_gw_storage=159.259567261[m]
Cgw=0.0018[m h-1]
expon=6.0[]
gw_storage=0.05[m/m]
alpha_fc=0.33
soil_storage=0.05[m/m]
K_nash=0.03[]
K_lf=0.01[]
nash_storage=0.0,0.0
giuh_ordinates=1.00,0.00
num_timesteps=1
verbosity=1
DEBUG=0
refkdt=3.053020302583044
