forcing_file=BMI
surface_partitioning_scheme=Schaake
soil_params.depth=2.0[m]
soil_params.b=9.77677059173584[]
soil_params.satdk=8.404065237967986e-07[m s-1]
soil_params.satpsi=0.0627816859266129[m]
soil_params.slop=0.056859149040625[m/m]
soil_params.smcmax=0.5216089324686443[m/m]
soil_params.wltsmc=0.0613775037236889[m/m]
soil_params.expon=5.0[]
soil_params.expon_secondary=0.005[]
max_gw_storage=79.799125671[m]
Cgw=0.0018[m h-1]
expon=6.0[]
gw_storage=0.05[m/m]
alpha_fc=0.33
soil_storage=0.05[m/m]
K_nash=0.03[]
K_lf=0.01[]
nash_storage=0.0,0.0
giuh_ordinates=1.00,0.00
num_timesteps=1
verbosity=1
DEBUG=0
refkdt=2.027324718650341
