forcing_file=BMI
surface_partitioning_scheme=Schaake
soil_params.depth=2.0[m]
soil_params.b=8.8270263671875[]
soil_params.satdk=1.6666919814476735e-06[m s-1]
soil_params.satpsi=0.1321205464843929[m]
soil_params.slop=0.053006749600172[m/m]
soil_params.smcmax=0.5194459456094868[m/m]
soil_params.wltsmc=0.0477137038998594[m/m]
soil_params.expon=5.0[]
soil_params.expon_secondary=0.005[]
max_gw_storage=79.799125671[m]
Cgw=0.0018[m h-1]
expon=6.0[]
gw_storage=0.05[m/m]
alpha_fc=0.33
soil_storage=0.05[m/m]
K_nash=0.03[]
K_lf=0.01[]
nash_storage=0.0,0.0
giuh_ordinates=1.00,0.00
num_timesteps=1
verbosity=1
DEBUG=0
refkdt=2.021754026412964
