forcing_file=BMI
surface_partitioning_scheme=Schaake
soil_params.depth=2.0[m]
soil_params.b=12.13018035888672[]
soil_params.satdk=9.711906069995515e-07[m s-1]
soil_params.satpsi=0.0355085849697937[m]
soil_params.slop=0.0607828586358609[m/m]
soil_params.smcmax=0.4977965389226282[m/m]
soil_params.wltsmc=0.1379999965429305[m/m]
soil_params.expon=7.0[]
soil_params.expon_secondary=0.005[]
max_gw_storage=13.100178719[m]
Cgw=0.0018[m h-1]
expon=6.0[]
gw_storage=0.05[m/m]
alpha_fc=0.33
soil_storage=0.05[m/m]
K_nash=0.03[]
K_lf=0.01[]
nash_storage=0.0,0.0
giuh_ordinates=1.00,0.00
num_timesteps=1
verbosity=1
DEBUG=0
refkdt=2.006061595899801
