forcing_file=BMI
surface_partitioning_scheme=Schaake
soil_params.depth=2.0[m]
soil_params.b=7.295165061950684[]
soil_params.satdk=6.328242902937818e-07[m s-1]
soil_params.satpsi=0.0558385580063872[m]
soil_params.slop=0.1081832430103765[m/m]
soil_params.smcmax=0.4853107344476604[m/m]
soil_params.wltsmc=0.0469999983906745[m/m]
soil_params.expon=5.0[]
soil_params.expon_secondary=0.005[]
max_gw_storage=54.152549744[m]
Cgw=0.0018[m h-1]
expon=6.0[]
gw_storage=0.05[m/m]
alpha_fc=0.33
soil_storage=0.05[m/m]
K_nash=0.03[]
K_lf=0.01[]
nash_storage=0.0,0.0
giuh_ordinates=1.00,0.00
num_timesteps=1
verbosity=1
DEBUG=0
refkdt=2.101540992504355
