forcing_file=BMI
surface_partitioning_scheme=Schaake
soil_params.depth=2.0[m]
soil_params.b=12.13018035888672[]
soil_params.satdk=1.2701667274793298e-07[m s-1]
soil_params.satpsi=0.1136781355933484[m]
soil_params.slop=0.0579197779297828[m/m]
soil_params.smcmax=0.4960629308025781[m/m]
soil_params.wltsmc=0.1315579263072241[m/m]
soil_params.expon=7.0[]
soil_params.expon_secondary=0.005[]
max_gw_storage=13.100178719[m]
Cgw=0.0018[m h-1]
expon=6.0[]
gw_storage=0.05[m/m]
alpha_fc=0.33
soil_storage=0.05[m/m]
K_nash=0.03[]
K_lf=0.01[]
nash_storage=0.0,0.0
giuh_ordinates=1.00,0.00
num_timesteps=1
verbosity=1
DEBUG=0
refkdt=2.000481128692627
