forcing_file=BMI
surface_partitioning_scheme=Schaake
soil_params.depth=2.0[m]
soil_params.b=21.581951141357425[]
soil_params.satdk=3.653464285595725e-07[m s-1]
soil_params.satpsi=0.0336949110376683[m]
soil_params.slop=0.3489609402173619[m/m]
soil_params.smcmax=0.5221169707468415[m/m]
soil_params.wltsmc=0.1379999965429305[m/m]
soil_params.expon=5.0[]
soil_params.expon_secondary=0.005[]
max_gw_storage=48.480583191[m]
Cgw=0.0018[m h-1]
expon=6.0[]
gw_storage=0.05[m/m]
alpha_fc=0.33
soil_storage=0.05[m/m]
K_nash=0.03[]
K_lf=0.01[]
nash_storage=0.0,0.0
giuh_ordinates=1.00,0.00
num_timesteps=1
verbosity=1
DEBUG=0
refkdt=0.5621473958673785
