forcing_file=BMI
surface_partitioning_scheme=Schaake
soil_params.depth=2.0[m]
soil_params.b=8.8270263671875[]
soil_params.satdk=3.9233973461089363e-07[m s-1]
soil_params.satpsi=0.0180546074465734[m]
soil_params.slop=0.0549310771467966[m/m]
soil_params.smcmax=0.518038588049987[m/m]
soil_params.wltsmc=0.0469999983906745[m/m]
soil_params.expon=5.0[]
soil_params.expon_secondary=0.005[]
max_gw_storage=79.799125671[m]
Cgw=0.0018[m h-1]
expon=6.0[]
gw_storage=0.05[m/m]
alpha_fc=0.33
soil_storage=0.05[m/m]
K_nash=0.03[]
K_lf=0.01[]
nash_storage=0.0,0.0
giuh_ordinates=1.00,0.00
num_timesteps=1
verbosity=1
DEBUG=0
refkdt=2.024536665309021
