forcing_file=BMI
surface_partitioning_scheme=Schaake
soil_params.depth=2.0[m]
soil_params.b=4.978099346160889[]
soil_params.satdk=8.960923028006172e-08[m s-1]
soil_params.satpsi=0.080199000728101[m]
soil_params.slop=0.1055076161019781[m/m]
soil_params.smcmax=0.460020689077442[m/m]
soil_params.wltsmc=0.0483053748743135[m/m]
soil_params.expon=7.0[]
soil_params.expon_secondary=0.005[]
max_gw_storage=50.445218402[m]
Cgw=0.0018[m h-1]
expon=6.0[]
gw_storage=0.05[m/m]
alpha_fc=0.33
soil_storage=0.05[m/m]
K_nash=0.03[]
K_lf=0.01[]
nash_storage=0.0,0.0
giuh_ordinates=1.00,0.00
num_timesteps=1
verbosity=1
DEBUG=0
refkdt=2.3612722692209944
