forcing_file=BMI
surface_partitioning_scheme=Schaake
soil_params.depth=2.0[m]
soil_params.b=21.581951141357425[]
soil_params.satdk=1.4124961366879164e-07[m s-1]
soil_params.satpsi=0.0419718983966435[m]
soil_params.slop=0.3380371507477148[m/m]
soil_params.smcmax=0.5219839119696901[m/m]
soil_params.wltsmc=0.1379999965429305[m/m]
soil_params.expon=5.0[]
soil_params.expon_secondary=0.005[]
max_gw_storage=48.480583191[m]
Cgw=0.0018[m h-1]
expon=6.0[]
gw_storage=0.05[m/m]
alpha_fc=0.33
soil_storage=0.05[m/m]
K_nash=0.03[]
K_lf=0.01[]
nash_storage=0.0,0.0
giuh_ordinates=1.00,0.00
num_timesteps=1
verbosity=1
DEBUG=0
refkdt=0.6342300654882185
